# Force coefficients
# liftDir     : (0.000000e+00 0.000000e+00 1.000000e+00)
# dragDir     : (1.000000e+00 0.000000e+00 0.000000e+00)
# pitchAxis   : (0.000000e+00 1.000000e+00 0.000000e+00)
# magUInf     : 5.000000e+01
# lRef        : 1.200000e+00
# Aref        : 5.000000e-01
# CofR        : (0.000000e+00 0.000000e+00 0.000000e+00)
# Time        	Cm            	Cd            	Cl            	Cl(f)         	Cl(r)         
350           	4.274942e-01	4.492124e-01	1.985094e-04	4.275935e-01	-4.273949e-01
351           	4.278638e-01	4.496413e-01	8.615045e-05	4.279068e-01	-4.278207e-01
352           	4.281689e-01	4.499887e-01	-9.058219e-05	4.281236e-01	-4.282142e-01
353           	4.284034e-01	4.502444e-01	-3.120966e-04	4.282473e-01	-4.285594e-01
354           	4.285247e-01	4.503646e-01	-6.066082e-04	4.282214e-01	-4.288280e-01
355           	4.285120e-01	4.503341e-01	-1.004256e-03	4.280099e-01	-4.290141e-01
356           	4.283425e-01	4.501368e-01	-1.500360e-03	4.275923e-01	-4.290927e-01
357           	4.280342e-01	4.497783e-01	-2.065508e-03	4.270014e-01	-4.290669e-01
358           	4.275622e-01	4.492551e-01	-2.703278e-03	4.262105e-01	-4.289138e-01
359           	4.269533e-01	4.485972e-01	-3.372164e-03	4.252672e-01	-4.286393e-01
360           	4.261989e-01	4.478208e-01	-4.083613e-03	4.241571e-01	-4.282408e-01
361           	4.253620e-01	4.470016e-01	-4.730951e-03	4.229965e-01	-4.277274e-01
362           	4.245017e-01	4.462379e-01	-5.293286e-03	4.218551e-01	-4.271484e-01
363           	4.236629e-01	4.455801e-01	-5.728798e-03	4.207985e-01	-4.265273e-01
364           	4.228806e-01	4.450794e-01	-6.017526e-03	4.198719e-01	-4.258894e-01
365           	4.222261e-01	4.447935e-01	-6.105824e-03	4.191731e-01	-4.252790e-01
366           	4.216943e-01	4.447219e-01	-5.980850e-03	4.187039e-01	-4.246847e-01
367           	4.213241e-01	4.448566e-01	-5.610875e-03	4.185187e-01	-4.241296e-01
368           	4.210781e-01	4.451573e-01	-5.016522e-03	4.185699e-01	-4.235864e-01
369           	4.209297e-01	4.455714e-01	-4.222359e-03	4.188185e-01	-4.230409e-01
370           	4.208946e-01	4.460969e-01	-3.240829e-03	4.192742e-01	-4.225150e-01
371           	4.209472e-01	4.466565e-01	-2.139090e-03	4.198776e-01	-4.220167e-01
372           	4.210149e-01	4.471814e-01	-9.973589e-04	4.205162e-01	-4.215136e-01
373           	4.211055e-01	4.476466e-01	1.503601e-04	4.211807e-01	-4.210303e-01
374           	4.211455e-01	4.479699e-01	1.178914e-03	4.217349e-01	-4.205560e-01
375           	4.211206e-01	4.481060e-01	2.070009e-03	4.221556e-01	-4.200856e-01
376           	4.209815e-01	4.480130e-01	2.745013e-03	4.223540e-01	-4.196090e-01
377           	4.207496e-01	4.477048e-01	3.193426e-03	4.223463e-01	-4.191529e-01
378           	4.203842e-01	4.471695e-01	3.353695e-03	4.220610e-01	-4.187073e-01
379           	4.199246e-01	4.464401e-01	3.215560e-03	4.215324e-01	-4.183168e-01
380           	4.193350e-01	4.455086e-01	2.792524e-03	4.207313e-01	-4.179388e-01
381           	4.186696e-01	4.444443e-01	2.112682e-03	4.197259e-01	-4.176132e-01
382           	4.179684e-01	4.433003e-01	1.253100e-03	4.185950e-01	-4.173419e-01
383           	4.172758e-01	4.421381e-01	2.484052e-04	4.174000e-01	-4.171516e-01
384           	4.166305e-01	4.410006e-01	-8.317202e-04	4.162147e-01	-4.170464e-01
385           	4.161238e-01	4.399738e-01	-1.933270e-03	4.151572e-01	-4.170904e-01
386           	4.157724e-01	4.391056e-01	-3.012974e-03	4.142659e-01	-4.172789e-01
387           	4.156241e-01	4.384458e-01	-3.983818e-03	4.136322e-01	-4.176160e-01
388           	4.157125e-01	4.380349e-01	-4.834679e-03	4.132951e-01	-4.181298e-01
389           	4.160484e-01	4.378886e-01	-5.540950e-03	4.132779e-01	-4.188189e-01
390           	4.165669e-01	4.379536e-01	-6.134443e-03	4.134997e-01	-4.196341e-01
391           	4.172562e-01	4.382001e-01	-6.569678e-03	4.139713e-01	-4.205410e-01
392           	4.180537e-01	4.385699e-01	-6.872186e-03	4.146176e-01	-4.214898e-01
393           	4.189497e-01	4.390698e-01	-7.097753e-03	4.154008e-01	-4.224986e-01
394           	4.198545e-01	4.396082e-01	-7.260739e-03	4.162241e-01	-4.234849e-01
395           	4.207546e-01	4.401936e-01	-7.453848e-03	4.170277e-01	-4.244815e-01
396           	4.215832e-01	4.407734e-01	-7.725166e-03	4.177206e-01	-4.254457e-01
397           	4.223589e-01	4.413542e-01	-8.104397e-03	4.183067e-01	-4.264111e-01
398           	4.230568e-01	4.419141e-01	-8.563584e-03	4.187750e-01	-4.273386e-01
399           	4.236990e-01	4.424598e-01	-9.070120e-03	4.191640e-01	-4.282341e-01
400           	4.242400e-01	4.429433e-01	-9.557509e-03	4.194613e-01	-4.290188e-01
401           	4.246639e-01	4.433465e-01	-1.005331e-02	4.196373e-01	-4.296906e-01
402           	4.249630e-01	4.436716e-01	-1.054884e-02	4.196885e-01	-4.302374e-01
403           	4.251412e-01	4.439254e-01	-1.101536e-02	4.196335e-01	-4.306489e-01
404           	4.251811e-01	4.441009e-01	-1.144041e-02	4.194609e-01	-4.309014e-01
405           	4.251150e-01	4.442265e-01	-1.183033e-02	4.191998e-01	-4.310302e-01
406           	4.249560e-01	4.443225e-01	-1.218687e-02	4.188626e-01	-4.310495e-01
407           	4.247769e-01	4.444454e-01	-1.248752e-02	4.185332e-01	-4.310207e-01
408           	4.245834e-01	4.445847e-01	-1.270385e-02	4.182315e-01	-4.309353e-01
409           	4.244154e-01	4.447544e-01	-1.283015e-02	4.180004e-01	-4.308305e-01
410           	4.242431e-01	4.449177e-01	-1.283087e-02	4.178277e-01	-4.306586e-01
411           	4.240852e-01	4.450852e-01	-1.273746e-02	4.177165e-01	-4.304540e-01
412           	4.239411e-01	4.452561e-01	-1.257029e-02	4.176559e-01	-4.302262e-01
413           	4.238426e-01	4.454400e-01	-1.230819e-02	4.176886e-01	-4.299967e-01
414           	4.237168e-01	4.455870e-01	-1.199368e-02	4.177200e-01	-4.297136e-01
415           	4.235786e-01	4.457105e-01	-1.168242e-02	4.177374e-01	-4.294198e-01
416           	4.233975e-01	4.457907e-01	-1.136456e-02	4.177152e-01	-4.290798e-01
417           	4.231771e-01	4.458315e-01	-1.103186e-02	4.176612e-01	-4.286930e-01
418           	4.229190e-01	4.458224e-01	-1.067892e-02	4.175795e-01	-4.282584e-01
419           	4.226637e-01	4.457888e-01	-1.032506e-02	4.175012e-01	-4.278263e-01
420           	4.224196e-01	4.457267e-01	-9.929651e-03	4.174548e-01	-4.273845e-01
421           	4.222507e-01	4.456815e-01	-9.492566e-03	4.175044e-01	-4.269969e-01
422           	4.221205e-01	4.456131e-01	-9.023153e-03	4.176089e-01	-4.266321e-01
423           	4.220529e-01	4.455343e-01	-8.555530e-03	4.177751e-01	-4.263306e-01
424           	4.220228e-01	4.454163e-01	-8.106470e-03	4.179696e-01	-4.260760e-01
425           	4.220205e-01	4.452493e-01	-7.685554e-03	4.181777e-01	-4.258633e-01
426           	4.220595e-01	4.450596e-01	-7.326015e-03	4.183965e-01	-4.257225e-01
427           	4.221581e-01	4.448841e-01	-7.041674e-03	4.186373e-01	-4.256790e-01
428           	4.223167e-01	4.447587e-01	-6.849317e-03	4.188920e-01	-4.257414e-01
429           	4.225390e-01	4.447124e-01	-6.742581e-03	4.191678e-01	-4.259103e-01
430           	4.228155e-01	4.447532e-01	-6.760930e-03	4.194350e-01	-4.261959e-01
431           	4.231792e-01	4.449225e-01	-6.849560e-03	4.197544e-01	-4.266039e-01
432           	4.236477e-01	4.452414e-01	-6.970610e-03	4.201624e-01	-4.271330e-01
433           	4.242013e-01	4.456666e-01	-7.088979e-03	4.206568e-01	-4.277458e-01
434           	4.248589e-01	4.462035e-01	-7.138819e-03	4.212895e-01	-4.284283e-01
435           	4.256221e-01	4.468421e-01	-7.105013e-03	4.220696e-01	-4.291746e-01
436           	4.264745e-01	4.475469e-01	-6.953012e-03	4.229980e-01	-4.299510e-01
437           	4.274003e-01	4.483098e-01	-6.698697e-03	4.240509e-01	-4.307496e-01
438           	4.283708e-01	4.490973e-01	-6.317051e-03	4.252123e-01	-4.315294e-01
439           	4.293584e-01	4.498976e-01	-5.889410e-03	4.264137e-01	-4.323031e-01
440           	4.303003e-01	4.506591e-01	-5.434178e-03	4.275832e-01	-4.330173e-01
441           	4.311703e-01	4.513561e-01	-4.998561e-03	4.286710e-01	-4.336696e-01
442           	4.318954e-01	4.519277e-01	-4.634452e-03	4.295781e-01	-4.342126e-01
443           	4.324634e-01	4.523706e-01	-4.383313e-03	4.302718e-01	-4.346551e-01
444           	4.328434e-01	4.526651e-01	-4.276711e-03	4.307051e-01	-4.349818e-01
445           	4.330406e-01	4.528252e-01	-4.349978e-03	4.308656e-01	-4.352156e-01
446           	4.330330e-01	4.528437e-01	-4.564537e-03	4.307508e-01	-4.353153e-01
447           	4.328737e-01	4.527541e-01	-4.860231e-03	4.304436e-01	-4.353038e-01
448           	4.325721e-01	4.525552e-01	-5.146639e-03	4.299987e-01	-4.351454e-01
449           	4.321864e-01	4.522842e-01	-5.374907e-03	4.294990e-01	-4.348739e-01
450           	4.317300e-01	4.519513e-01	-5.541472e-03	4.289593e-01	-4.345008e-01
451           	4.312572e-01	4.515843e-01	-5.632464e-03	4.284410e-01	-4.340734e-01
452           	4.307502e-01	4.511438e-01	-5.646582e-03	4.279269e-01	-4.335735e-01
453           	4.302346e-01	4.506716e-01	-5.650429e-03	4.274093e-01	-4.330598e-01
454           	4.296931e-01	4.501584e-01	-5.657456e-03	4.268643e-01	-4.325218e-01
455           	4.291197e-01	4.495970e-01	-5.714663e-03	4.262624e-01	-4.319770e-01
456           	4.284759e-01	4.489543e-01	-5.838740e-03	4.255565e-01	-4.313952e-01
457           	4.277956e-01	4.482583e-01	-6.022566e-03	4.247844e-01	-4.308069e-01
458           	4.270932e-01	4.475303e-01	-6.269680e-03	4.239584e-01	-4.302281e-01
459           	4.263603e-01	4.467656e-01	-6.580141e-03	4.230703e-01	-4.296504e-01
460           	4.255696e-01	4.459498e-01	-6.951412e-03	4.220939e-01	-4.290453e-01
461           	4.247397e-01	4.451170e-01	-7.384245e-03	4.210475e-01	-4.284318e-01
462           	4.238972e-01	4.442927e-01	-7.803561e-03	4.199954e-01	-4.277989e-01
463           	4.230749e-01	4.435168e-01	-8.150675e-03	4.189995e-01	-4.271502e-01
464           	4.223017e-01	4.428180e-01	-8.346190e-03	4.181286e-01	-4.264748e-01
465           	4.216422e-01	4.422515e-01	-8.347567e-03	4.174684e-01	-4.258160e-01
466           	4.211529e-01	4.418493e-01	-8.072235e-03	4.171167e-01	-4.251890e-01
467           	4.208482e-01	4.416105e-01	-7.579122e-03	4.170587e-01	-4.246378e-01
468           	4.207635e-01	4.415661e-01	-6.848753e-03	4.173391e-01	-4.241879e-01
469           	4.209200e-01	4.417205e-01	-5.983661e-03	4.179281e-01	-4.239118e-01
470           	4.212446e-01	4.419920e-01	-5.104354e-03	4.186925e-01	-4.237968e-01
471           	4.217109e-01	4.423395e-01	-4.276743e-03	4.195725e-01	-4.238493e-01
472           	4.222967e-01	4.427329e-01	-3.611035e-03	4.204912e-01	-4.241022e-01
473           	4.229657e-01	4.431611e-01	-3.159459e-03	4.213860e-01	-4.245455e-01
474           	4.236722e-01	4.436142e-01	-2.975367e-03	4.221845e-01	-4.251598e-01
475           	4.243592e-01	4.440705e-01	-3.113068e-03	4.228027e-01	-4.259157e-01
476           	4.250161e-01	4.445250e-01	-3.535027e-03	4.232486e-01	-4.267836e-01
477           	4.255813e-01	4.449302e-01	-4.229283e-03	4.234666e-01	-4.276959e-01
478           	4.260631e-01	4.453029e-01	-5.086956e-03	4.235196e-01	-4.286066e-01
479           	4.264258e-01	4.456226e-01	-6.082711e-03	4.233845e-01	-4.294672e-01
480           	4.266876e-01	4.459018e-01	-7.152277e-03	4.231115e-01	-4.302638e-01
481           	4.268683e-01	4.461697e-01	-8.239442e-03	4.227486e-01	-4.309881e-01
482           	4.269919e-01	4.464514e-01	-9.301107e-03	4.223414e-01	-4.316425e-01
483           	4.271199e-01	4.468156e-01	-1.030794e-02	4.219659e-01	-4.322739e-01
484           	4.272298e-01	4.472324e-01	-1.124115e-02	4.216092e-01	-4.328504e-01
485           	4.273693e-01	4.477361e-01	-1.209931e-02	4.213197e-01	-4.334190e-01
486           	4.275752e-01	4.483555e-01	-1.289382e-02	4.211282e-01	-4.340221e-01
487           	4.278428e-01	4.490634e-01	-1.358356e-02	4.210510e-01	-4.346346e-01
488           	4.281503e-01	4.498053e-01	-1.414878e-02	4.210759e-01	-4.352247e-01
489           	4.284375e-01	4.505070e-01	-1.461244e-02	4.211312e-01	-4.357437e-01
490           	4.287287e-01	4.511771e-01	-1.495352e-02	4.212520e-01	-4.362055e-01
491           	4.289766e-01	4.517492e-01	-1.520924e-02	4.213720e-01	-4.365812e-01
492           	4.291782e-01	4.522149e-01	-1.537177e-02	4.214923e-01	-4.368641e-01
493           	4.293450e-01	4.525594e-01	-1.546195e-02	4.216141e-01	-4.370760e-01
494           	4.294956e-01	4.527772e-01	-1.545379e-02	4.217687e-01	-4.372225e-01
495           	4.296421e-01	4.528836e-01	-1.538982e-02	4.219472e-01	-4.373370e-01
496           	4.298064e-01	4.529127e-01	-1.529243e-02	4.221602e-01	-4.374526e-01
497           	4.300300e-01	4.529266e-01	-1.519051e-02	4.224348e-01	-4.376253e-01
498           	4.303047e-01	4.529298e-01	-1.512283e-02	4.227432e-01	-4.378661e-01
499           	4.306522e-01	4.529718e-01	-1.508844e-02	4.231080e-01	-4.381964e-01
500           	4.310544e-01	4.530483e-01	-1.508356e-02	4.235126e-01	-4.385961e-01
501           	4.315474e-01	4.532272e-01	-1.511617e-02	4.239893e-01	-4.391055e-01
502           	4.320502e-01	4.534543e-01	-1.521021e-02	4.244451e-01	-4.396553e-01
503           	4.325724e-01	4.537567e-01	-1.531823e-02	4.249133e-01	-4.402315e-01
504           	4.330828e-01	4.541042e-01	-1.535775e-02	4.254039e-01	-4.407617e-01
505           	4.335439e-01	4.544676e-01	-1.536405e-02	4.258619e-01	-4.412259e-01
506           	4.339448e-01	4.548289e-01	-1.530965e-02	4.262900e-01	-4.415996e-01
507           	4.342661e-01	4.551626e-01	-1.519116e-02	4.266705e-01	-4.418617e-01
508           	4.344869e-01	4.554490e-01	-1.500406e-02	4.269849e-01	-4.419890e-01
509           	4.346387e-01	4.557282e-01	-1.472962e-02	4.272739e-01	-4.420035e-01
510           	4.347369e-01	4.559951e-01	-1.432815e-02	4.275728e-01	-4.419010e-01
511           	4.348129e-01	4.562741e-01	-1.374945e-02	4.279382e-01	-4.416876e-01
512           	4.348974e-01	4.565702e-01	-1.295639e-02	4.284192e-01	-4.413756e-01
513           	4.350000e-01	4.568954e-01	-1.199770e-02	4.290012e-01	-4.409989e-01
514           	4.351049e-01	4.572076e-01	-1.091245e-02	4.296486e-01	-4.405611e-01
515           	4.352121e-01	4.575027e-01	-9.748787e-03	4.303378e-01	-4.400865e-01
516           	4.352918e-01	4.577396e-01	-8.607002e-03	4.309883e-01	-4.395953e-01
517           	4.353353e-01	4.579144e-01	-7.569343e-03	4.315506e-01	-4.391200e-01
518           	4.353464e-01	4.580215e-01	-6.654358e-03	4.320192e-01	-4.386735e-01
519           	4.353282e-01	4.580666e-01	-5.926568e-03	4.323649e-01	-4.382915e-01
520           	4.352716e-01	4.580256e-01	-5.372036e-03	4.325855e-01	-4.379576e-01
521           	4.352033e-01	4.579222e-01	-5.000424e-03	4.327031e-01	-4.377035e-01
522           	4.351398e-01	4.577556e-01	-4.793425e-03	4.327431e-01	-4.375365e-01
523           	4.351088e-01	4.575488e-01	-4.724203e-03	4.327467e-01	-4.374709e-01
524           	4.351354e-01	4.573222e-01	-4.758578e-03	4.327562e-01	-4.375147e-01
525           	4.352081e-01	4.570831e-01	-4.910623e-03	4.327527e-01	-4.376634e-01
526           	4.352860e-01	4.568162e-01	-5.184012e-03	4.326940e-01	-4.378780e-01
527           	4.353858e-01	4.565432e-01	-5.537497e-03	4.326170e-01	-4.381545e-01
528           	4.354706e-01	4.562256e-01	-5.960688e-03	4.324902e-01	-4.384509e-01
529           	4.355225e-01	4.558678e-01	-6.484326e-03	4.322804e-01	-4.387647e-01
530           	4.355597e-01	4.555012e-01	-7.082355e-03	4.320185e-01	-4.391009e-01
531           	4.356041e-01	4.551624e-01	-7.717455e-03	4.317453e-01	-4.394628e-01
532           	4.356284e-01	4.548322e-01	-8.356946e-03	4.314499e-01	-4.398069e-01
533           	4.356353e-01	4.545164e-01	-8.970866e-03	4.311499e-01	-4.401207e-01
534           	4.356044e-01	4.541993e-01	-9.567169e-03	4.308208e-01	-4.403880e-01
535           	4.355597e-01	4.539126e-01	-1.012775e-02	4.304958e-01	-4.406236e-01
536           	4.354905e-01	4.536364e-01	-1.061866e-02	4.301812e-01	-4.407998e-01
537           	4.354399e-01	4.534139e-01	-1.103769e-02	4.299210e-01	-4.409587e-01
538           	4.353921e-01	4.532275e-01	-1.137917e-02	4.297026e-01	-4.410817e-01
539           	4.353724e-01	4.531053e-01	-1.165865e-02	4.295431e-01	-4.412017e-01
540           	4.353853e-01	4.530403e-01	-1.185645e-02	4.294571e-01	-4.413135e-01
541           	4.354280e-01	4.530265e-01	-1.197468e-02	4.294407e-01	-4.414154e-01
542           	4.355086e-01	4.530649e-01	-1.202281e-02	4.294972e-01	-4.415200e-01
543           	4.356102e-01	4.531307e-01	-1.200900e-02	4.296057e-01	-4.416147e-01
544           	4.357123e-01	4.531958e-01	-1.195217e-02	4.297362e-01	-4.416884e-01
545           	4.357949e-01	4.532618e-01	-1.187614e-02	4.298568e-01	-4.417330e-01
546           	4.358497e-01	4.533286e-01	-1.180891e-02	4.299453e-01	-4.417542e-01
547           	4.358185e-01	4.533418e-01	-1.177225e-02	4.299323e-01	-4.417046e-01
548           	4.356751e-01	4.532799e-01	-1.179359e-02	4.297783e-01	-4.415718e-01
549           	4.353962e-01	4.531085e-01	-1.184611e-02	4.294731e-01	-4.413192e-01
550           	4.350003e-01	4.528416e-01	-1.193531e-02	4.290327e-01	-4.409680e-01
551           	4.344391e-01	4.524437e-01	-1.211642e-02	4.283809e-01	-4.404973e-01
552           	4.337128e-01	4.519107e-01	-1.239331e-02	4.275161e-01	-4.399094e-01
553           	4.328127e-01	4.512284e-01	-1.275427e-02	4.264356e-01	-4.391899e-01
554           	4.317731e-01	4.504143e-01	-1.315348e-02	4.251964e-01	-4.383498e-01
555           	4.306264e-01	4.494934e-01	-1.359012e-02	4.238314e-01	-4.374215e-01
556           	4.294257e-01	4.485054e-01	-1.400164e-02	4.224249e-01	-4.364266e-01
557           	4.282413e-01	4.475223e-01	-1.437138e-02	4.210556e-01	-4.354269e-01
558           	4.271446e-01	4.466044e-01	-1.464538e-02	4.198220e-01	-4.344673e-01
559           	4.261778e-01	4.457984e-01	-1.483266e-02	4.187615e-01	-4.335941e-01
560           	4.253648e-01	4.451329e-01	-1.494837e-02	4.178906e-01	-4.328390e-01
561           	4.247269e-01	4.446357e-01	-1.504842e-02	4.172027e-01	-4.322511e-01
562           	4.242934e-01	4.443368e-01	-1.513562e-02	4.167256e-01	-4.318612e-01
563           	4.240664e-01	4.442542e-01	-1.524346e-02	4.164447e-01	-4.316881e-01
564           	4.240155e-01	4.443669e-01	-1.542368e-02	4.163036e-01	-4.317273e-01
565           	4.241374e-01	4.446732e-01	-1.569107e-02	4.162918e-01	-4.319829e-01
566           	4.244358e-01	4.451689e-01	-1.599458e-02	4.164385e-01	-4.324331e-01
567           	4.248796e-01	4.458261e-01	-1.630601e-02	4.167266e-01	-4.330327e-01
568           	4.254529e-01	4.466157e-01	-1.661437e-02	4.171457e-01	-4.337601e-01
569           	4.261052e-01	4.474787e-01	-1.690793e-02	4.176513e-01	-4.345592e-01
570           	4.268448e-01	4.484046e-01	-1.715674e-02	4.182664e-01	-4.354232e-01
571           	4.276570e-01	4.493569e-01	-1.736435e-02	4.189748e-01	-4.363392e-01
572           	4.284933e-01	4.502844e-01	-1.749976e-02	4.197435e-01	-4.372432e-01
573           	4.293381e-01	4.511724e-01	-1.755746e-02	4.205593e-01	-4.381168e-01
574           	4.301659e-01	4.519974e-01	-1.750300e-02	4.214144e-01	-4.389174e-01
575           	4.309690e-01	4.527369e-01	-1.733486e-02	4.223016e-01	-4.396365e-01
576           	4.316994e-01	4.533365e-01	-1.704120e-02	4.231788e-01	-4.402200e-01
577           	4.323515e-01	4.537904e-01	-1.663284e-02	4.240351e-01	-4.406679e-01
578           	4.328989e-01	4.540713e-01	-1.613829e-02	4.248298e-01	-4.409680e-01
579           	4.333235e-01	4.541767e-01	-1.562557e-02	4.255108e-01	-4.411363e-01
580           	4.336145e-01	4.541098e-01	-1.508729e-02	4.260708e-01	-4.411581e-01
581           	4.337647e-01	4.538790e-01	-1.454866e-02	4.264904e-01	-4.410391e-01
582           	4.338144e-01	4.535287e-01	-1.400786e-02	4.268105e-01	-4.408183e-01
583           	4.337549e-01	4.530608e-01	-1.350129e-02	4.270043e-01	-4.405056e-01
584           	4.335828e-01	4.525029e-01	-1.303455e-02	4.270655e-01	-4.401000e-01
585           	4.333172e-01	4.518844e-01	-1.260769e-02	4.270134e-01	-4.396211e-01
586           	4.330189e-01	4.512574e-01	-1.218693e-02	4.269255e-01	-4.391124e-01
587           	4.326884e-01	4.506421e-01	-1.181437e-02	4.267812e-01	-4.385956e-01
588           	4.323408e-01	4.500809e-01	-1.147442e-02	4.266036e-01	-4.380780e-01
589           	4.319726e-01	4.495675e-01	-1.117438e-02	4.263854e-01	-4.375598e-01
590           	4.316180e-01	4.491455e-01	-1.093118e-02	4.261524e-01	-4.370835e-01
591           	4.312478e-01	4.487810e-01	-1.073738e-02	4.258791e-01	-4.366165e-01
592           	4.309080e-01	4.485211e-01	-1.058567e-02	4.256152e-01	-4.362008e-01
593           	4.305654e-01	4.483365e-01	-1.049763e-02	4.253165e-01	-4.358142e-01
594           	4.302362e-01	4.482474e-01	-1.051771e-02	4.249773e-01	-4.354950e-01
595           	4.299152e-01	4.482441e-01	-1.065247e-02	4.245889e-01	-4.352414e-01
596           	4.297020e-01	4.483859e-01	-1.081791e-02	4.242930e-01	-4.351109e-01
597           	4.295555e-01	4.486261e-01	-1.102894e-02	4.240410e-01	-4.350699e-01
598           	4.295022e-01	4.489790e-01	-1.127086e-02	4.238667e-01	-4.351376e-01
599           	4.295381e-01	4.494333e-01	-1.153331e-02	4.237714e-01	-4.353047e-01
600           	4.296648e-01	4.499626e-01	-1.177759e-02	4.237760e-01	-4.355536e-01
601           	4.298715e-01	4.505488e-01	-1.201379e-02	4.238646e-01	-4.358784e-01
602           	4.301557e-01	4.511669e-01	-1.218040e-02	4.240655e-01	-4.362459e-01
603           	4.304876e-01	4.517601e-01	-1.224717e-02	4.243640e-01	-4.366112e-01
604           	4.308514e-01	4.523016e-01	-1.224392e-02	4.247294e-01	-4.369734e-01
605           	4.312048e-01	4.527449e-01	-1.222811e-02	4.250908e-01	-4.373189e-01
606           	4.315057e-01	4.530589e-01	-1.221786e-02	4.253968e-01	-4.376146e-01
607           	4.317476e-01	4.532479e-01	-1.226441e-02	4.256154e-01	-4.378798e-01
608           	4.319426e-01	4.533198e-01	-1.233090e-02	4.257772e-01	-4.381081e-01
609           	4.321036e-01	4.533040e-01	-1.243145e-02	4.258879e-01	-4.383194e-01
610           	4.322394e-01	4.532280e-01	-1.256221e-02	4.259583e-01	-4.385205e-01
611           	4.323644e-01	4.531189e-01	-1.272710e-02	4.260009e-01	-4.387280e-01
612           	4.325460e-01	4.530373e-01	-1.287384e-02	4.261091e-01	-4.389830e-01
613           	4.327794e-01	4.530027e-01	-1.299492e-02	4.262820e-01	-4.392769e-01
614           	4.331003e-01	4.530401e-01	-1.303419e-02	4.265832e-01	-4.396174e-01
615           	4.334696e-01	4.531340e-01	-1.301607e-02	4.269616e-01	-4.399776e-01
616           	4.338772e-01	4.532782e-01	-1.293627e-02	4.274091e-01	-4.403453e-01
617           	4.342928e-01	4.534594e-01	-1.281052e-02	4.278876e-01	-4.406981e-01
618           	4.346728e-01	4.536515e-01	-1.265973e-02	4.283429e-01	-4.410026e-01
619           	4.349765e-01	4.538315e-01	-1.249959e-02	4.287267e-01	-4.412263e-01
620           	4.351911e-01	4.539908e-01	-1.239565e-02	4.289933e-01	-4.413889e-01
621           	4.352820e-01	4.540895e-01	-1.238247e-02	4.290908e-01	-4.414733e-01
622           	4.352695e-01	4.541235e-01	-1.243484e-02	4.290520e-01	-4.414869e-01
623           	4.351513e-01	4.540797e-01	-1.259612e-02	4.288533e-01	-4.414494e-01
624           	4.349545e-01	4.539722e-01	-1.282595e-02	4.285415e-01	-4.413675e-01
625           	4.346894e-01	4.538096e-01	-1.313151e-02	4.281236e-01	-4.412551e-01
626           	4.343701e-01	4.535830e-01	-1.347258e-02	4.276338e-01	-4.411064e-01
627           	4.340567e-01	4.533567e-01	-1.382992e-02	4.271417e-01	-4.409716e-01
628           	4.337788e-01	4.531698e-01	-1.419269e-02	4.266824e-01	-4.408751e-01
629           	4.335689e-01	4.530448e-01	-1.456843e-02	4.262847e-01	-4.408531e-01
630           	4.334292e-01	4.529804e-01	-1.494473e-02	4.259568e-01	-4.409016e-01
631           	4.333310e-01	4.529186e-01	-1.531077e-02	4.256756e-01	-4.409864e-01
632           	4.332888e-01	4.528591e-01	-1.559069e-02	4.254934e-01	-4.410841e-01
633           	4.332815e-01	4.527654e-01	-1.578248e-02	4.253902e-01	-4.411727e-01
634           	4.332860e-01	4.526358e-01	-1.590831e-02	4.253318e-01	-4.412401e-01
635           	4.332746e-01	4.524524e-01	-1.602983e-02	4.252597e-01	-4.412896e-01
636           	4.332670e-01	4.522482e-01	-1.610489e-02	4.252145e-01	-4.413194e-01
637           	4.332166e-01	4.519871e-01	-1.620668e-02	4.251133e-01	-4.413200e-01
638           	4.331435e-01	4.517259e-01	-1.633575e-02	4.249756e-01	-4.413114e-01
639           	4.330687e-01	4.514915e-01	-1.650356e-02	4.248169e-01	-4.413204e-01
640           	4.330233e-01	4.513181e-01	-1.670830e-02	4.246691e-01	-4.413774e-01
641           	4.330471e-01	4.512355e-01	-1.692117e-02	4.245866e-01	-4.415077e-01
642           	4.332059e-01	4.513192e-01	-1.713108e-02	4.246404e-01	-4.417714e-01
643           	4.334981e-01	4.515854e-01	-1.733088e-02	4.248327e-01	-4.421635e-01
644           	4.339392e-01	4.520420e-01	-1.747397e-02	4.252022e-01	-4.426762e-01
645           	4.345196e-01	4.526558e-01	-1.751359e-02	4.257628e-01	-4.432764e-01
646           	4.352338e-01	4.534226e-01	-1.739971e-02	4.265339e-01	-4.439336e-01
647           	4.360189e-01	4.542537e-01	-1.712842e-02	4.274547e-01	-4.445831e-01
648           	4.368714e-01	4.551353e-01	-1.669832e-02	4.285222e-01	-4.452205e-01
649           	4.377295e-01	4.559899e-01	-1.610763e-02	4.296756e-01	-4.457833e-01
650           	4.385961e-01	4.568374e-01	-1.537279e-02	4.309097e-01	-4.462825e-01
651           	4.394038e-01	4.576078e-01	-1.454319e-02	4.321322e-01	-4.466754e-01
652           	4.401247e-01	4.582918e-01	-1.365669e-02	4.332963e-01	-4.469530e-01
653           	4.407049e-01	4.588257e-01	-1.277525e-02	4.343172e-01	-4.470925e-01
654           	4.411760e-01	4.592505e-01	-1.190430e-02	4.352238e-01	-4.471281e-01
655           	4.414955e-01	4.595132e-01	-1.111280e-02	4.359391e-01	-4.470519e-01
656           	4.416845e-01	4.596540e-01	-1.038448e-02	4.364923e-01	-4.468768e-01
657           	4.417238e-01	4.596451e-01	-9.798179e-03	4.368247e-01	-4.466228e-01
658           	4.416498e-01	4.595367e-01	-9.390677e-03	4.369544e-01	-4.463451e-01
659           	4.414480e-01	4.593012e-01	-9.166384e-03	4.368648e-01	-4.460311e-01
660           	4.411288e-01	4.589443e-01	-9.130546e-03	4.365635e-01	-4.456940e-01
661           	4.406624e-01	4.584300e-01	-9.314052e-03	4.360054e-01	-4.453194e-01
662           	4.400998e-01	4.578212e-01	-9.718812e-03	4.352404e-01	-4.449592e-01
663           	4.394502e-01	4.571232e-01	-1.030486e-02	4.342978e-01	-4.446026e-01
664           	4.387966e-01	4.564228e-01	-1.101038e-02	4.332914e-01	-4.443017e-01
665           	4.381466e-01	4.557078e-01	-1.179299e-02	4.322501e-01	-4.440431e-01
666           	4.375533e-01	4.550429e-01	-1.262273e-02	4.312420e-01	-4.438647e-01
667           	4.370199e-01	4.544243e-01	-1.346398e-02	4.302879e-01	-4.437519e-01
668           	4.366100e-01	4.539118e-01	-1.423602e-02	4.294920e-01	-4.437281e-01
669           	4.362913e-01	4.534655e-01	-1.493303e-02	4.288248e-01	-4.437578e-01
670           	4.361058e-01	4.531442e-01	-1.552199e-02	4.283448e-01	-4.438668e-01
671           	4.360459e-01	4.529442e-01	-1.601227e-02	4.280398e-01	-4.440521e-01
672           	4.361326e-01	4.528950e-01	-1.639469e-02	4.279353e-01	-4.443300e-01
673           	4.363708e-01	4.529761e-01	-1.666921e-02	4.280362e-01	-4.447054e-01
674           	4.367409e-01	4.531853e-01	-1.685400e-02	4.283139e-01	-4.451679e-01
675           	4.371678e-01	4.534516e-01	-1.697767e-02	4.286790e-01	-4.456566e-01
676           	4.376663e-01	4.538050e-01	-1.704832e-02	4.291421e-01	-4.461905e-01
677           	4.381831e-01	4.541880e-01	-1.710346e-02	4.296314e-01	-4.467348e-01
678           	4.387530e-01	4.546312e-01	-1.715648e-02	4.301748e-01	-4.473312e-01
679           	4.393222e-01	4.550920e-01	-1.725463e-02	4.306949e-01	-4.479495e-01
680           	4.398763e-01	4.555720e-01	-1.744282e-02	4.311549e-01	-4.485977e-01
681           	4.403781e-01	4.560159e-01	-1.772182e-02	4.315171e-01	-4.492390e-01
682           	4.408385e-01	4.564506e-01	-1.807838e-02	4.317994e-01	-4.498777e-01
683           	4.412075e-01	4.568210e-01	-1.849099e-02	4.319620e-01	-4.504530e-01
684           	4.414741e-01	4.571099e-01	-1.895626e-02	4.319960e-01	-4.509522e-01
685           	4.416468e-01	4.573084e-01	-1.942008e-02	4.319367e-01	-4.513568e-01
686           	4.417272e-01	4.574274e-01	-1.985269e-02	4.318008e-01	-4.516535e-01
687           	4.416990e-01	4.574367e-01	-2.021632e-02	4.315908e-01	-4.518072e-01
688           	4.416187e-01	4.573993e-01	-2.042030e-02	4.314086e-01	-4.518289e-01
689           	4.414987e-01	4.573170e-01	-2.048712e-02	4.312552e-01	-4.517423e-01
690           	4.413619e-01	4.572298e-01	-2.041452e-02	4.311546e-01	-4.515691e-01
691           	4.412167e-01	4.571427e-01	-2.022665e-02	4.311034e-01	-4.513301e-01
692           	4.410832e-01	4.570819e-01	-1.993215e-02	4.311171e-01	-4.510493e-01
693           	4.409344e-01	4.570328e-01	-1.957060e-02	4.311491e-01	-4.507197e-01
694           	4.408053e-01	4.570397e-01	-1.916675e-02	4.312219e-01	-4.503887e-01
695           	4.406614e-01	4.570816e-01	-1.876483e-02	4.312790e-01	-4.500438e-01
696           	4.404983e-01	4.571559e-01	-1.838514e-02	4.313058e-01	-4.496909e-01
697           	4.403079e-01	4.572495e-01	-1.804490e-02	4.312855e-01	-4.493304e-01
698           	4.401217e-01	4.573851e-01	-1.768396e-02	4.312797e-01	-4.489637e-01
699           	4.398950e-01	4.575185e-01	-1.732988e-02	4.312300e-01	-4.485599e-01
700           	4.396243e-01	4.576477e-01	-1.696503e-02	4.311418e-01	-4.481068e-01
701           	4.392749e-01	4.577117e-01	-1.657917e-02	4.309853e-01	-4.475645e-01
702           	4.388703e-01	4.577211e-01	-1.618105e-02	4.307797e-01	-4.469608e-01
703           	4.383971e-01	4.576580e-01	-1.579129e-02	4.305014e-01	-4.462927e-01
704           	4.379347e-01	4.575837e-01	-1.536353e-02	4.302530e-01	-4.456165e-01
705           	4.374705e-01	4.574718e-01	-1.491253e-02	4.300142e-01	-4.449268e-01
706           	4.370607e-01	4.573733e-01	-1.448780e-02	4.298168e-01	-4.443046e-01
707           	4.366517e-01	4.572475e-01	-1.413858e-02	4.295824e-01	-4.437210e-01
708           	4.362762e-01	4.571380e-01	-1.382530e-02	4.293635e-01	-4.431888e-01
709           	4.359004e-01	4.570125e-01	-1.358313e-02	4.291088e-01	-4.426920e-01
710           	4.355395e-01	4.568890e-01	-1.336712e-02	4.288560e-01	-4.422231e-01
711           	4.351441e-01	4.567215e-01	-1.318136e-02	4.285534e-01	-4.417347e-01
712           	4.347397e-01	4.565489e-01	-1.299872e-02	4.282403e-01	-4.412390e-01
713           	4.343236e-01	4.563610e-01	-1.285106e-02	4.278980e-01	-4.407491e-01
714           	4.339187e-01	4.561599e-01	-1.267281e-02	4.275823e-01	-4.402551e-01
715           	4.335174e-01	4.559198e-01	-1.244978e-02	4.272925e-01	-4.397423e-01
716           	4.331647e-01	4.556961e-01	-1.216823e-02	4.270806e-01	-4.392489e-01
717           	4.328424e-01	4.554642e-01	-1.180951e-02	4.269376e-01	-4.387471e-01
718           	4.325844e-01	4.552553e-01	-1.130922e-02	4.269298e-01	-4.382390e-01
719           	4.323378e-01	4.550160e-01	-1.067950e-02	4.269981e-01	-4.376776e-01
720           	4.321548e-01	4.548044e-01	-9.930207e-03	4.271897e-01	-4.371199e-01
721           	4.320158e-01	4.546025e-01	-9.077046e-03	4.274773e-01	-4.365543e-01
722           	4.319304e-01	4.544294e-01	-8.110093e-03	4.278754e-01	-4.359855e-01
723           	4.318398e-01	4.542152e-01	-7.072219e-03	4.283036e-01	-4.353759e-01
724           	4.317604e-01	4.539733e-01	-6.023263e-03	4.287488e-01	-4.347720e-01
725           	4.316573e-01	4.536608e-01	-4.963131e-03	4.291757e-01	-4.341389e-01
726           	4.315287e-01	4.532832e-01	-3.962781e-03	4.295473e-01	-4.335101e-01
727           	4.313429e-01	4.528138e-01	-3.130250e-03	4.297778e-01	-4.329080e-01
728           	4.311720e-01	4.523447e-01	-2.529836e-03	4.299071e-01	-4.324369e-01
729           	4.309670e-01	4.518468e-01	-2.204724e-03	4.298646e-01	-4.320694e-01
730           	4.307960e-01	4.514041e-01	-2.181532e-03	4.297053e-01	-4.318868e-01
731           	4.306602e-01	4.510163e-01	-2.454503e-03	4.294330e-01	-4.318875e-01
732           	4.305896e-01	4.507265e-01	-2.995841e-03	4.290917e-01	-4.320876e-01
733           	4.305571e-01	4.504932e-01	-3.725660e-03	4.286942e-01	-4.324199e-01
734           	4.306881e-01	4.504186e-01	-4.529534e-03	4.284234e-01	-4.329529e-01
735           	4.308630e-01	4.503646e-01	-5.378140e-03	4.281739e-01	-4.335521e-01
736           	4.311239e-01	4.503766e-01	-6.202794e-03	4.280225e-01	-4.342253e-01
737           	4.313784e-01	4.503682e-01	-6.981971e-03	4.278874e-01	-4.348694e-01
738           	4.316931e-01	4.504091e-01	-7.702955e-03	4.278416e-01	-4.355446e-01
739           	4.319999e-01	4.504357e-01	-8.383522e-03	4.278081e-01	-4.361916e-01
740           	4.323113e-01	4.504581e-01	-9.072682e-03	4.277749e-01	-4.368476e-01
741           	4.325733e-01	4.504280e-01	-9.753299e-03	4.276967e-01	-4.374500e-01
742           	4.328936e-01	4.504567e-01	-1.039141e-02	4.276979e-01	-4.380893e-01
743           	4.331862e-01	4.504475e-01	-1.103526e-02	4.276686e-01	-4.387038e-01
744           	4.334983e-01	4.504627e-01	-1.163821e-02	4.276792e-01	-4.393174e-01
745           	4.337674e-01	4.504714e-01	-1.220632e-02	4.276642e-01	-4.398705e-01
746           	4.340322e-01	4.504988e-01	-1.276040e-02	4.276520e-01	-4.404124e-01
747           	4.342548e-01	4.505092e-01	-1.327893e-02	4.276153e-01	-4.408943e-01
748           	4.344213e-01	4.504878e-01	-1.370065e-02	4.275710e-01	-4.412716e-01
749           	4.344663e-01	4.503872e-01	-1.403981e-02	4.274464e-01	-4.414862e-01
750           	4.344612e-01	4.502773e-01	-1.424328e-02	4.273396e-01	-4.415829e-01
751           	4.343822e-01	4.501369e-01	-1.431655e-02	4.272239e-01	-4.415404e-01
752           	4.342123e-01	4.499653e-01	-1.423737e-02	4.270936e-01	-4.413310e-01
753           	4.339082e-01	4.497188e-01	-1.406339e-02	4.268765e-01	-4.409399e-01
754           	4.335497e-01	4.494452e-01	-1.374014e-02	4.266796e-01	-4.404198e-01
755           	4.331421e-01	4.491470e-01	-1.329171e-02	4.264962e-01	-4.397879e-01
756           	4.327367e-01	4.488677e-01	-1.269487e-02	4.263892e-01	-4.390841e-01
757           	4.323182e-01	4.485840e-01	-1.192817e-02	4.263542e-01	-4.382823e-01
758           	4.319157e-01	4.483201e-01	-1.099685e-02	4.264172e-01	-4.374141e-01
759           	4.315210e-01	4.480654e-01	-9.929027e-03	4.265565e-01	-4.364856e-01
760           	4.311777e-01	4.478559e-01	-8.745199e-03	4.268051e-01	-4.355503e-01
761           	4.309236e-01	4.477304e-01	-7.514031e-03	4.271666e-01	-4.346806e-01
762           	4.307765e-01	4.477089e-01	-6.243131e-03	4.276550e-01	-4.338981e-01
763           	4.307239e-01	4.477849e-01	-4.986645e-03	4.282305e-01	-4.332172e-01
764           	4.307851e-01	4.479894e-01	-3.730316e-03	4.289200e-01	-4.326503e-01
765           	4.309432e-01	4.482987e-01	-2.476649e-03	4.297049e-01	-4.321815e-01
766           	4.312504e-01	4.487451e-01	-1.242796e-03	4.306290e-01	-4.318718e-01
767           	4.316535e-01	4.492634e-01	-7.013012e-05	4.316184e-01	-4.316885e-01
768           	4.321883e-01	4.498810e-01	1.013587e-03	4.326951e-01	-4.316815e-01
769           	4.327790e-01	4.505268e-01	2.018351e-03	4.337882e-01	-4.317698e-01
770           	4.334145e-01	4.511842e-01	2.924368e-03	4.348767e-01	-4.319523e-01
771           	4.339941e-01	4.517711e-01	3.713659e-03	4.358510e-01	-4.321373e-01
772           	4.345257e-01	4.522827e-01	4.403677e-03	4.367276e-01	-4.323239e-01
773           	4.349520e-01	4.526744e-01	4.964818e-03	4.374344e-01	-4.324696e-01
774           	4.352862e-01	4.529762e-01	5.393619e-03	4.379830e-01	-4.325894e-01
775           	4.354878e-01	4.531549e-01	5.698815e-03	4.383372e-01	-4.326384e-01
776           	4.356290e-01	4.532845e-01	5.898985e-03	4.385785e-01	-4.326796e-01
777           	4.356604e-01	4.533291e-01	6.002825e-03	4.386618e-01	-4.326590e-01
778           	4.356821e-01	4.533876e-01	6.054095e-03	4.387092e-01	-4.326551e-01
779           	4.356645e-01	4.534376e-01	6.089608e-03	4.387093e-01	-4.326197e-01
780           	4.356773e-01	4.535364e-01	6.162554e-03	4.387586e-01	-4.325960e-01
781           	4.356867e-01	4.536402e-01	6.273759e-03	4.388236e-01	-4.325498e-01
782           	4.357072e-01	4.537730e-01	6.398362e-03	4.389064e-01	-4.325080e-01
783           	4.356893e-01	4.538706e-01	6.559393e-03	4.389690e-01	-4.324096e-01
784           	4.356739e-01	4.539790e-01	6.768420e-03	4.390581e-01	-4.322897e-01
785           	4.355861e-01	4.540241e-01	6.956304e-03	4.390643e-01	-4.321080e-01
786           	4.354463e-01	4.540355e-01	7.115764e-03	4.390042e-01	-4.318884e-01
787           	4.351907e-01	4.539468e-01	7.237162e-03	4.388093e-01	-4.315721e-01
788           	4.348550e-01	4.537739e-01	7.316997e-03	4.385135e-01	-4.311965e-01
789           	4.343726e-01	4.534583e-01	7.334079e-03	4.380397e-01	-4.307056e-01
790           	4.337841e-01	4.530235e-01	7.294673e-03	4.374314e-01	-4.301368e-01
791           	4.330296e-01	4.524006e-01	7.230632e-03	4.366449e-01	-4.294143e-01
792           	4.321755e-01	4.516460e-01	7.157431e-03	4.357542e-01	-4.285968e-01
793           	4.312045e-01	4.507376e-01	7.053409e-03	4.347312e-01	-4.276778e-01
794           	4.301890e-01	4.497551e-01	6.927209e-03	4.336526e-01	-4.267254e-01
795           	4.290968e-01	4.486692e-01	6.785703e-03	4.324896e-01	-4.257039e-01
796           	4.280399e-01	4.475860e-01	6.604945e-03	4.313424e-01	-4.247374e-01
797           	4.269908e-01	4.464939e-01	6.333647e-03	4.301576e-01	-4.238240e-01
798           	4.260532e-01	4.454928e-01	5.968534e-03	4.290375e-01	-4.230689e-01
799           	4.252013e-01	4.445844e-01	5.505556e-03	4.279541e-01	-4.224486e-01
800           	4.245316e-01	4.438698e-01	4.979292e-03	4.270213e-01	-4.220420e-01
801           	4.240020e-01	4.433145e-01	4.438022e-03	4.262210e-01	-4.217830e-01
802           	4.236595e-01	4.429617e-01	3.896256e-03	4.256076e-01	-4.217114e-01
803           	4.234355e-01	4.427603e-01	3.401273e-03	4.251361e-01	-4.217349e-01
804           	4.233347e-01	4.427202e-01	2.975544e-03	4.248225e-01	-4.218470e-01
805           	4.233474e-01	4.428467e-01	2.624122e-03	4.246595e-01	-4.220353e-01
806           	4.235361e-01	4.432150e-01	2.354488e-03	4.247133e-01	-4.223588e-01
807           	4.238004e-01	4.437399e-01	2.156809e-03	4.248788e-01	-4.227220e-01
808           	4.241976e-01	4.444756e-01	1.997159e-03	4.251962e-01	-4.231990e-01
809           	4.246383e-01	4.453427e-01	1.803332e-03	4.255400e-01	-4.237366e-01
810           	4.251374e-01	4.463394e-01	1.585798e-03	4.259303e-01	-4.243445e-01
811           	4.256505e-01	4.474083e-01	1.304448e-03	4.263027e-01	-4.249982e-01
812           	4.261718e-01	4.485126e-01	9.515905e-04	4.266476e-01	-4.256960e-01
813           	4.266495e-01	4.495538e-01	5.116047e-04	4.269053e-01	-4.263937e-01
814           	4.270569e-01	4.504914e-01	-9.562871e-06	4.270521e-01	-4.270617e-01
815           	4.273866e-01	4.513026e-01	-6.139360e-04	4.270796e-01	-4.276936e-01
816           	4.277012e-01	4.520586e-01	-1.253044e-03	4.270746e-01	-4.283277e-01
817           	4.280295e-01	4.527766e-01	-1.896659e-03	4.270812e-01	-4.289778e-01
818           	4.283483e-01	4.534099e-01	-2.580012e-03	4.270583e-01	-4.296383e-01
819           	4.285934e-01	4.539151e-01	-3.315765e-03	4.269355e-01	-4.302512e-01
820           	4.287795e-01	4.543063e-01	-4.107905e-03	4.267256e-01	-4.308335e-01
821           	4.288937e-01	4.545785e-01	-4.988783e-03	4.263993e-01	-4.313881e-01
822           	4.289765e-01	4.547645e-01	-5.987874e-03	4.259826e-01	-4.319705e-01
823           	4.290081e-01	4.548344e-01	-7.062003e-03	4.254771e-01	-4.325391e-01
824           	4.290994e-01	4.549063e-01	-8.164778e-03	4.250170e-01	-4.331818e-01
825           	4.292314e-01	4.549538e-01	-9.243881e-03	4.246094e-01	-4.338533e-01
826           	4.294453e-01	4.550045e-01	-1.024361e-02	4.243235e-01	-4.345671e-01
827           	4.297185e-01	4.550279e-01	-1.111521e-02	4.241609e-01	-4.352761e-01
828           	4.301054e-01	4.550822e-01	-1.179672e-02	4.242070e-01	-4.360037e-01
829           	4.305762e-01	4.551454e-01	-1.231909e-02	4.244166e-01	-4.367357e-01
830           	4.311516e-01	4.552583e-01	-1.269423e-02	4.248045e-01	-4.374988e-01
831           	4.318064e-01	4.554168e-01	-1.293017e-02	4.253414e-01	-4.382715e-01
832           	4.325987e-01	4.556939e-01	-1.304254e-02	4.260774e-01	-4.391199e-01
833           	4.334632e-01	4.560386e-01	-1.305617e-02	4.269351e-01	-4.399913e-01
834           	4.344257e-01	4.564853e-01	-1.297343e-02	4.279390e-01	-4.409125e-01
835           	4.354150e-01	4.569663e-01	-1.281290e-02	4.290085e-01	-4.418214e-01
836           	4.364208e-01	4.574631e-01	-1.259406e-02	4.301238e-01	-4.427178e-01
837           	4.373731e-01	4.579084e-01	-1.237488e-02	4.311856e-01	-4.435605e-01
838           	4.382386e-01	4.582849e-01	-1.217046e-02	4.321534e-01	-4.443239e-01
839           	4.389358e-01	4.585156e-01	-1.202199e-02	4.329248e-01	-4.449468e-01
840           	4.394446e-01	4.585894e-01	-1.194525e-02	4.334720e-01	-4.454172e-01
841           	4.397218e-01	4.584684e-01	-1.198716e-02	4.337282e-01	-4.457153e-01
842           	4.397717e-01	4.581816e-01	-1.213771e-02	4.337028e-01	-4.458405e-01
843           	4.395932e-01	4.577162e-01	-1.238049e-02	4.334030e-01	-4.457835e-01
844           	4.392199e-01	4.571161e-01	-1.268846e-02	4.328757e-01	-4.455642e-01
845           	4.386369e-01	4.563596e-01	-1.303166e-02	4.321210e-01	-4.451527e-01
846           	4.378846e-01	4.554837e-01	-1.334038e-02	4.312144e-01	-4.445548e-01
847           	4.369745e-01	4.544966e-01	-1.356790e-02	4.301906e-01	-4.437585e-01
848           	4.360169e-01	4.535193e-01	-1.368209e-02	4.291758e-01	-4.428579e-01
849           	4.350285e-01	4.525722e-01	-1.364349e-02	4.282067e-01	-4.418502e-01
850           	4.340755e-01	4.517404e-01	-1.345431e-02	4.273483e-01	-4.408026e-01
851           	4.331816e-01	4.510502e-01	-1.309522e-02	4.266340e-01	-4.397292e-01
852           	4.323798e-01	4.505374e-01	-1.258996e-02	4.260848e-01	-4.386748e-01
853           	4.316480e-01	4.501776e-01	-1.198245e-02	4.256568e-01	-4.376393e-01
854           	4.310314e-01	4.500063e-01	-1.128085e-02	4.253910e-01	-4.366718e-01
855           	4.305322e-01	4.499995e-01	-1.050925e-02	4.252776e-01	-4.357868e-01
856           	4.301569e-01	4.501449e-01	-9.683645e-03	4.253150e-01	-4.349987e-01
857           	4.298444e-01	4.503664e-01	-8.896476e-03	4.253962e-01	-4.342927e-01
858           	4.296008e-01	4.506535e-01	-8.201194e-03	4.255002e-01	-4.337014e-01
859           	4.293957e-01	4.509605e-01	-7.674931e-03	4.255582e-01	-4.332332e-01
860           	4.292569e-01	4.513044e-01	-7.305415e-03	4.256042e-01	-4.329097e-01
861           	4.291556e-01	4.516434e-01	-7.121370e-03	4.255949e-01	-4.327163e-01
862           	4.291136e-01	4.519984e-01	-7.122754e-03	4.255522e-01	-4.326749e-01
863           	4.290790e-01	4.523160e-01	-7.356158e-03	4.254009e-01	-4.327571e-01
864           	4.290780e-01	4.526151e-01	-7.765032e-03	4.251955e-01	-4.329605e-01
865           	4.290812e-01	4.528595e-01	-8.367878e-03	4.248973e-01	-4.332652e-01
866           	4.291393e-01	4.530990e-01	-9.084073e-03	4.245972e-01	-4.336813e-01
867           	4.291937e-01	4.532509e-01	-9.868903e-03	4.242592e-01	-4.341281e-01
868           	4.292795e-01	4.533560e-01	-1.073084e-02	4.239140e-01	-4.346449e-01
869           	4.293513e-01	4.533491e-01	-1.164185e-02	4.235304e-01	-4.351723e-01
870           	4.294468e-01	4.532659e-01	-1.255339e-02	4.231701e-01	-4.357235e-01
871           	4.295166e-01	4.530359e-01	-1.342732e-02	4.228030e-01	-4.362303e-01
872           	4.296227e-01	4.527338e-01	-1.420242e-02	4.225215e-01	-4.367239e-01
873           	4.297623e-01	4.523578e-01	-1.481315e-02	4.223557e-01	-4.371689e-01
874           	4.299738e-01	4.519636e-01	-1.521648e-02	4.223655e-01	-4.375820e-01
875           	4.301836e-01	4.515087e-01	-1.540780e-02	4.224797e-01	-4.378875e-01
876           	4.304028e-01	4.510395e-01	-1.541608e-02	4.226948e-01	-4.381108e-01
877           	4.305773e-01	4.505317e-01	-1.524735e-02	4.229536e-01	-4.382009e-01
878           	4.307451e-01	4.500638e-01	-1.493807e-02	4.232761e-01	-4.382142e-01
879           	4.309037e-01	4.496710e-01	-1.448654e-02	4.236605e-01	-4.381470e-01
880           	4.310671e-01	4.493782e-01	-1.394923e-02	4.240925e-01	-4.380417e-01
881           	4.312205e-01	4.491796e-01	-1.332246e-02	4.245593e-01	-4.378818e-01
882           	4.313952e-01	4.491183e-01	-1.266035e-02	4.250650e-01	-4.377253e-01
883           	4.315788e-01	4.491829e-01	-1.198378e-02	4.255869e-01	-4.375707e-01
884           	4.317720e-01	4.493874e-01	-1.136065e-02	4.260917e-01	-4.374524e-01
885           	4.319704e-01	4.497069e-01	-1.082506e-02	4.265579e-01	-4.373830e-01
886           	4.322264e-01	4.501544e-01	-1.034816e-02	4.270524e-01	-4.374005e-01
887           	4.324927e-01	4.506573e-01	-9.944122e-03	4.275206e-01	-4.374648e-01
888           	4.327720e-01	4.512160e-01	-9.670909e-03	4.279365e-01	-4.376074e-01
889           	4.330005e-01	4.517669e-01	-9.535612e-03	4.282327e-01	-4.377683e-01
890           	4.331725e-01	4.522755e-01	-9.547075e-03	4.283990e-01	-4.379460e-01
891           	4.332378e-01	4.527055e-01	-9.734100e-03	4.283708e-01	-4.381049e-01
892           	4.332019e-01	4.530782e-01	-1.013944e-02	4.281322e-01	-4.382716e-01
893           	4.330233e-01	4.533086e-01	-1.075313e-02	4.276467e-01	-4.383998e-01
894           	4.327138e-01	4.534082e-01	-1.160022e-02	4.269137e-01	-4.385139e-01
895           	4.322199e-01	4.533114e-01	-1.268202e-02	4.258789e-01	-4.385609e-01
896           	4.315855e-01	4.530372e-01	-1.396907e-02	4.246009e-01	-4.385700e-01
897           	4.308213e-01	4.525896e-01	-1.539632e-02	4.231231e-01	-4.385194e-01
898           	4.300426e-01	4.520801e-01	-1.692532e-02	4.215800e-01	-4.385053e-01
899           	4.292538e-01	4.514981e-01	-1.848824e-02	4.200097e-01	-4.384979e-01
900           	4.285813e-01	4.509730e-01	-2.004836e-02	4.185572e-01	-4.386055e-01
901           	4.280365e-01	4.504929e-01	-2.151757e-02	4.172777e-01	-4.387953e-01
902           	4.277378e-01	4.501731e-01	-2.282286e-02	4.163263e-01	-4.391492e-01
903           	4.276569e-01	4.500008e-01	-2.395567e-02	4.156791e-01	-4.396348e-01
904           	4.278100e-01	4.500074e-01	-2.494244e-02	4.153388e-01	-4.402812e-01
905           	4.281678e-01	4.501482e-01	-2.576312e-02	4.152862e-01	-4.410493e-01
906           	4.287188e-01	4.504237e-01	-2.643682e-02	4.155004e-01	-4.419372e-01
907           	4.293801e-01	4.507549e-01	-2.697985e-02	4.158902e-01	-4.428700e-01
908           	4.301736e-01	4.511821e-01	-2.738693e-02	4.164801e-01	-4.438670e-01
909           	4.310489e-01	4.516648e-01	-2.766552e-02	4.172161e-01	-4.448817e-01
910           	4.319783e-01	4.522082e-01	-2.783792e-02	4.180594e-01	-4.458973e-01
911           	4.329245e-01	4.527768e-01	-2.786737e-02	4.189908e-01	-4.468582e-01
912           	4.338854e-01	4.533929e-01	-2.778885e-02	4.199910e-01	-4.477799e-01
913           	4.348096e-01	4.540083e-01	-2.760956e-02	4.210048e-01	-4.486144e-01
914           	4.357097e-01	4.546461e-01	-2.733752e-02	4.220410e-01	-4.493785e-01
915           	4.365480e-01	4.552510e-01	-2.696225e-02	4.230669e-01	-4.500291e-01
916           	4.373208e-01	4.558229e-01	-2.647483e-02	4.240834e-01	-4.505583e-01
917           	4.380182e-01	4.563431e-01	-2.586561e-02	4.250854e-01	-4.509510e-01
918           	4.387245e-01	4.568887e-01	-2.511596e-02	4.261665e-01	-4.512825e-01
919           	4.394379e-01	4.574475e-01	-2.427413e-02	4.273008e-01	-4.515750e-01
920           	4.402093e-01	4.580607e-01	-2.333667e-02	4.285410e-01	-4.518777e-01
921           	4.410228e-01	4.587078e-01	-2.233401e-02	4.298558e-01	-4.521898e-01
922           	4.419132e-01	4.594291e-01	-2.128607e-02	4.312702e-01	-4.525563e-01
923           	4.428239e-01	4.601674e-01	-2.025422e-02	4.326968e-01	-4.529510e-01
924           	4.437575e-01	4.609367e-01	-1.926864e-02	4.341232e-01	-4.533918e-01
925           	4.446638e-01	4.616849e-01	-1.833279e-02	4.354974e-01	-4.538302e-01
926           	4.455165e-01	4.624034e-01	-1.748733e-02	4.367729e-01	-4.542602e-01
927           	4.462222e-01	4.629913e-01	-1.676418e-02	4.378401e-01	-4.546043e-01
928           	4.467554e-01	4.634294e-01	-1.617098e-02	4.386699e-01	-4.548409e-01
929           	4.470491e-01	4.636479e-01	-1.569389e-02	4.392021e-01	-4.548960e-01
930           	4.471216e-01	4.636775e-01	-1.533944e-02	4.394519e-01	-4.547913e-01
931           	4.469394e-01	4.634939e-01	-1.512971e-02	4.393745e-01	-4.545042e-01
932           	4.465487e-01	4.631386e-01	-1.504462e-02	4.390264e-01	-4.540711e-01
933           	4.459216e-01	4.625733e-01	-1.508097e-02	4.383811e-01	-4.534621e-01
934           	4.450986e-01	4.618421e-01	-1.521764e-02	4.374898e-01	-4.527074e-01
935           	4.440825e-01	4.609456e-01	-1.545532e-02	4.363548e-01	-4.518102e-01
936           	4.429417e-01	4.599469e-01	-1.576889e-02	4.350572e-01	-4.508261e-01
937           	4.416749e-01	4.588515e-01	-1.616994e-02	4.335899e-01	-4.497599e-01
938           	4.403776e-01	4.577287e-01	-1.656546e-02	4.320949e-01	-4.486603e-01
939           	4.390421e-01	4.565979e-01	-1.697606e-02	4.305541e-01	-4.475301e-01
940           	4.377415e-01	4.555160e-01	-1.736481e-02	4.290591e-01	-4.464239e-01
941           	4.364519e-01	4.544500e-01	-1.773978e-02	4.275820e-01	-4.453218e-01
942           	4.352643e-01	4.534836e-01	-1.804559e-02	4.262415e-01	-4.442871e-01
943           	4.341957e-01	4.526205e-01	-1.826101e-02	4.250652e-01	-4.433262e-01
944           	4.332757e-01	4.519068e-01	-1.839300e-02	4.240792e-01	-4.424722e-01
945           	4.325225e-01	4.513588e-01	-1.841363e-02	4.233157e-01	-4.417293e-01
946           	4.319776e-01	4.510216e-01	-1.826933e-02	4.228430e-01	-4.411123e-01
947           	4.316167e-01	4.508796e-01	-1.803345e-02	4.226000e-01	-4.406335e-01
948           	4.314421e-01	4.509382e-01	-1.769923e-02	4.225924e-01	-4.402917e-01
949           	4.314144e-01	4.511669e-01	-1.735392e-02	4.227374e-01	-4.400913e-01
950           	4.314910e-01	4.515381e-01	-1.704311e-02	4.229695e-01	-4.400126e-01
951           	4.315851e-01	4.519583e-01	-1.681661e-02	4.231768e-01	-4.399934e-01
952           	4.316765e-01	4.524068e-01	-1.666684e-02	4.233430e-01	-4.400099e-01
953           	4.317248e-01	4.528202e-01	-1.662924e-02	4.234101e-01	-4.400394e-01
954           	4.316835e-01	4.531592e-01	-1.672767e-02	4.233197e-01	-4.400474e-01
955           	4.315583e-01	4.534013e-01	-1.695249e-02	4.230821e-01	-4.400346e-01
956           	4.313704e-01	4.535573e-01	-1.726063e-02	4.227401e-01	-4.400007e-01
957           	4.311233e-01	4.536082e-01	-1.763755e-02	4.223045e-01	-4.399420e-01
958           	4.308236e-01	4.535723e-01	-1.808453e-02	4.217813e-01	-4.398659e-01
959           	4.304855e-01	4.534633e-01	-1.856775e-02	4.212016e-01	-4.397694e-01
960           	4.301543e-01	4.533197e-01	-1.902680e-02	4.206409e-01	-4.396677e-01
961           	4.298449e-01	4.531582e-01	-1.945245e-02	4.201187e-01	-4.395712e-01
962           	4.295417e-01	4.529782e-01	-1.977932e-02	4.196520e-01	-4.394314e-01
963           	4.292774e-01	4.527930e-01	-1.999423e-02	4.192803e-01	-4.392745e-01
964           	4.290800e-01	4.526526e-01	-2.006479e-02	4.190476e-01	-4.391124e-01
965           	4.289352e-01	4.525521e-01	-2.000602e-02	4.189322e-01	-4.389382e-01
966           	4.288808e-01	4.525400e-01	-1.980710e-02	4.189773e-01	-4.387844e-01
967           	4.288388e-01	4.525455e-01	-1.945471e-02	4.191115e-01	-4.385662e-01
968           	4.289022e-01	4.526681e-01	-1.903834e-02	4.193830e-01	-4.384214e-01
969           	4.290410e-01	4.528807e-01	-1.849176e-02	4.197951e-01	-4.382869e-01
970           	4.293186e-01	4.532415e-01	-1.786089e-02	4.203882e-01	-4.382491e-01
971           	4.296484e-01	4.536545e-01	-1.714729e-02	4.210748e-01	-4.382220e-01
972           	4.300039e-01	4.540918e-01	-1.639764e-02	4.218051e-01	-4.382028e-01
973           	4.303203e-01	4.544772e-01	-1.564037e-02	4.225001e-01	-4.381405e-01
974           	4.305927e-01	4.548158e-01	-1.491273e-02	4.231363e-01	-4.380491e-01
975           	4.307674e-01	4.550373e-01	-1.422190e-02	4.236564e-01	-4.378783e-01
976           	4.308626e-01	4.551589e-01	-1.355433e-02	4.240854e-01	-4.376397e-01
977           	4.308536e-01	4.551319e-01	-1.292956e-02	4.243888e-01	-4.373184e-01
978           	4.307663e-01	4.549880e-01	-1.231078e-02	4.246109e-01	-4.369217e-01
979           	4.305926e-01	4.546945e-01	-1.164273e-02	4.247712e-01	-4.364140e-01
980           	4.303692e-01	4.542885e-01	-1.092550e-02	4.249064e-01	-4.358319e-01
981           	4.301038e-01	4.537742e-01	-1.018694e-02	4.250103e-01	-4.351973e-01
982           	4.298338e-01	4.532053e-01	-9.415848e-03	4.251259e-01	-4.345417e-01
983           	4.295611e-01	4.525625e-01	-8.661557e-03	4.252303e-01	-4.338918e-01
984           	4.292992e-01	4.518853e-01	-7.922811e-03	4.253378e-01	-4.332606e-01
985           	4.290232e-01	4.511681e-01	-7.254381e-03	4.253960e-01	-4.326504e-01
986           	4.287946e-01	4.504956e-01	-6.700724e-03	4.254442e-01	-4.321450e-01
987           	4.285615e-01	4.498249e-01	-6.310221e-03	4.254064e-01	-4.317166e-01
988           	4.283775e-01	4.492343e-01	-6.054476e-03	4.253503e-01	-4.314048e-01
989           	4.282311e-01	4.487137e-01	-5.971571e-03	4.252453e-01	-4.312169e-01
990           	4.281618e-01	4.483364e-01	-6.030946e-03	4.251463e-01	-4.311772e-01
991           	4.281626e-01	4.480929e-01	-6.202389e-03	4.250614e-01	-4.312638e-01
992           	4.282888e-01	4.480384e-01	-6.433152e-03	4.250722e-01	-4.315054e-01
993           	4.284748e-01	4.480907e-01	-6.763967e-03	4.250929e-01	-4.318568e-01
994           	4.287297e-01	4.482762e-01	-7.142014e-03	4.251587e-01	-4.323007e-01
995           	4.290249e-01	4.485422e-01	-7.590976e-03	4.252294e-01	-4.328204e-01
996           	4.293811e-01	4.489069e-01	-8.122353e-03	4.253199e-01	-4.334423e-01
997           	4.297688e-01	4.493068e-01	-8.703014e-03	4.254173e-01	-4.341203e-01
998           	4.301586e-01	4.497204e-01	-9.370608e-03	4.254733e-01	-4.348439e-01
999           	4.305692e-01	4.501386e-01	-1.009843e-02	4.255200e-01	-4.356184e-01
1000          	4.309846e-01	4.505605e-01	-1.089945e-02	4.255349e-01	-4.364343e-01
