# Residuals   
# Time        	p             	Ux            	Uy            	Uz            	omega         	k             
0             	N/A	N/A	N/A	N/A
1             	1.000000e+00	4.409964e-02	9.724993e-02	1.144502e-01	1.272089e-01	9.999999e-01
2             	1.961272e-01	3.423096e-02	4.634232e-02	5.546170e-02	6.360537e-04	2.891194e-01
3             	1.264529e-01	2.100624e-02	3.223328e-02	3.721988e-02	6.627267e-04	1.405780e-01
4             	1.010727e-01	1.590799e-02	2.629191e-02	3.089859e-02	7.316405e-04	9.105725e-02
5             	8.648324e-02	1.325119e-02	2.318458e-02	2.753640e-02	7.511515e-04	4.042441e-02
6             	7.639518e-02	1.137714e-02	2.139275e-02	2.523381e-02	1.177016e-03	2.987706e-02
7             	6.888053e-02	9.860022e-03	1.999747e-02	2.325330e-02	1.632685e-03	3.599186e-02
8             	6.342975e-02	8.964325e-03	1.872428e-02	2.155974e-02	2.734564e-03	4.888194e-02
9             	5.992825e-02	8.405817e-03	1.755660e-02	2.019002e-02	4.527965e-03	1.392364e-02
10            	5.742623e-02	7.434807e-03	1.647407e-02	1.904120e-02	2.310116e-03	4.844225e-03
11            	5.508200e-02	6.506474e-03	1.556097e-02	1.814607e-02	1.790657e-03	2.127085e-03
12            	5.294423e-02	5.726830e-03	1.477819e-02	1.741391e-02	1.539356e-03	3.536594e-03
13            	5.127414e-02	5.101070e-03	1.411327e-02	1.682297e-02	1.506596e-03	4.437002e-03
14            	4.992926e-02	4.607738e-03	1.355101e-02	1.633786e-02	1.378314e-03	4.624290e-03
15            	4.890724e-02	4.213700e-03	1.308716e-02	1.593005e-02	1.190755e-03	4.528858e-03
16            	4.810901e-02	3.896417e-03	1.269882e-02	1.557880e-02	1.071781e-03	4.476621e-03
17            	4.745921e-02	3.640442e-03	1.236823e-02	1.526359e-02	9.972782e-04	4.379807e-03
18            	4.694350e-02	3.432798e-03	1.208292e-02	1.498410e-02	9.385212e-04	4.253270e-03
19            	4.661900e-02	3.264588e-03	1.184595e-02	1.475834e-02	8.888549e-04	4.114814e-03
20            	4.649071e-02	3.128468e-03	1.165886e-02	1.459569e-02	8.499236e-04	3.980397e-03
21            	4.652631e-02	3.018782e-03	1.152104e-02	1.449233e-02	8.429306e-04	3.865261e-03
22            	4.673412e-02	2.930426e-03	1.142048e-02	1.443389e-02	8.886503e-04	3.717134e-03
23            	4.692356e-02	2.862022e-03	1.134476e-02	1.441348e-02	8.605520e-04	3.515762e-03
24            	4.701238e-02	2.825484e-03	1.128739e-02	1.441400e-02	8.541857e-04	3.338232e-03
25            	4.713799e-02	2.792307e-03	1.123024e-02	1.441911e-02	8.544524e-04	3.211204e-03
26            	4.730031e-02	2.759162e-03	1.118490e-02	1.441705e-02	8.531453e-04	3.169945e-03
27            	4.741208e-02	2.726041e-03	1.114866e-02	1.442236e-02	8.438267e-04	3.092408e-03
28            	4.752358e-02	2.690121e-03	1.110384e-02	1.440781e-02	8.310342e-04	3.012624e-03
29            	4.773702e-02	2.653219e-03	1.105966e-02	1.438589e-02	8.613251e-04	2.955837e-03
30            	4.790166e-02	2.616921e-03	1.102049e-02	1.437135e-02	8.865177e-04	2.920517e-03
31            	4.802424e-02	2.581406e-03	1.097440e-02	1.436337e-02	9.160138e-04	2.909936e-03
32            	4.810326e-02	2.546777e-03	1.091847e-02	1.435189e-02	9.227690e-04	2.909257e-03
33            	4.819257e-02	2.515008e-03	1.087181e-02	1.435802e-02	8.699103e-04	2.891212e-03
34            	4.823974e-02	2.486840e-03	1.083524e-02	1.437222e-02	8.200189e-04	2.906506e-03
35            	4.833093e-02	2.460572e-03	1.082104e-02	1.439813e-02	7.742175e-04	2.918227e-03
36            	4.840315e-02	2.436755e-03	1.082222e-02	1.443691e-02	7.332484e-04	2.911363e-03
37            	4.853891e-02	2.415277e-03	1.082880e-02	1.447913e-02	6.975551e-04	2.898688e-03
38            	4.871039e-02	2.393745e-03	1.083812e-02	1.451212e-02	6.671821e-04	2.886587e-03
39            	4.894557e-02	2.370539e-03	1.084641e-02	1.453144e-02	6.421698e-04	2.879107e-03
40            	4.912594e-02	2.347543e-03	1.085451e-02	1.454697e-02	6.256673e-04	2.885105e-03
41            	4.926320e-02	2.323986e-03	1.085875e-02	1.455791e-02	6.359821e-04	2.902182e-03
42            	4.933609e-02	2.300271e-03	1.086314e-02	1.456541e-02	6.566148e-04	2.931775e-03
43            	4.941580e-02	2.277192e-03	1.086449e-02	1.457574e-02	6.670307e-04	2.969219e-03
44            	4.945412e-02	2.255181e-03	1.086135e-02	1.459224e-02	6.477424e-04	2.986160e-03
45            	4.948087e-02	2.234896e-03	1.085797e-02	1.460539e-02	6.259644e-04	3.006346e-03
46            	4.950597e-02	2.214057e-03	1.085345e-02	1.462014e-02	6.036230e-04	3.024001e-03
47            	4.951195e-02	2.194305e-03	1.084507e-02	1.463084e-02	5.821485e-04	3.037403e-03
48            	4.951735e-02	2.175221e-03	1.083922e-02	1.463955e-02	5.624388e-04	3.049765e-03
49            	4.948293e-02	2.157011e-03	1.083447e-02	1.465520e-02	5.454693e-04	3.059442e-03
50            	4.934817e-02	2.138082e-03	1.082232e-02	1.467752e-02	5.317527e-04	3.068638e-03
51            	4.918179e-02	2.119121e-03	1.080516e-02	1.469505e-02	5.216767e-04	3.079122e-03
52            	4.900212e-02	2.100217e-03	1.078374e-02	1.471119e-02	5.076048e-04	3.084182e-03
53            	4.887280e-02	2.080797e-03	1.075166e-02	1.472878e-02	4.992522e-04	3.089231e-03
54            	4.868275e-02	2.061058e-03	1.070786e-02	1.475130e-02	4.952207e-04	3.092322e-03
55            	4.844340e-02	2.041303e-03	1.066011e-02	1.476879e-02	4.914860e-04	3.091723e-03
56            	4.824370e-02	2.022075e-03	1.060964e-02	1.478585e-02	4.859240e-04	3.086758e-03
57            	4.807326e-02	2.003358e-03	1.055668e-02	1.480654e-02	4.782519e-04	3.079124e-03
58            	4.790113e-02	1.985553e-03	1.050665e-02	1.482788e-02	4.689667e-04	3.067830e-03
59            	4.772917e-02	1.968952e-03	1.045987e-02	1.484939e-02	4.583062e-04	3.050365e-03
60            	4.759787e-02	1.952990e-03	1.041752e-02	1.487419e-02	4.466830e-04	3.032565e-03
61            	4.754233e-02	1.938366e-03	1.037887e-02	1.489743e-02	4.345493e-04	3.011796e-03
62            	4.749243e-02	1.924724e-03	1.034334e-02	1.491796e-02	4.226152e-04	2.991018e-03
63            	4.743425e-02	1.912184e-03	1.031515e-02	1.493352e-02	4.111450e-04	2.972460e-03
64            	4.736395e-02	1.900289e-03	1.029497e-02	1.494482e-02	3.999803e-04	2.957711e-03
65            	4.732448e-02	1.888922e-03	1.027772e-02	1.495363e-02	3.890176e-04	2.945781e-03
66            	4.728567e-02	1.877518e-03	1.026118e-02	1.496221e-02	3.788653e-04	2.934561e-03
67            	4.721285e-02	1.866376e-03	1.024545e-02	1.496165e-02	3.749066e-04	2.925292e-03
68            	4.711575e-02	1.855005e-03	1.022511e-02	1.495482e-02	3.707675e-04	2.917566e-03
69            	4.701777e-02	1.842750e-03	1.020186e-02	1.494256e-02	3.651346e-04	2.913066e-03
70            	4.687048e-02	1.830075e-03	1.017188e-02	1.491243e-02	3.583666e-04	2.910607e-03
71            	4.672796e-02	1.816973e-03	1.013915e-02	1.487466e-02	3.524850e-04	2.908594e-03
72            	4.658625e-02	1.803693e-03	1.010281e-02	1.482195e-02	3.463177e-04	2.906122e-03
73            	4.644470e-02	1.790793e-03	1.006326e-02	1.476857e-02	3.398254e-04	2.901165e-03
74            	4.623264e-02	1.778509e-03	1.002060e-02	1.471568e-02	3.332064e-04	2.894819e-03
75            	4.598106e-02	1.766583e-03	9.976566e-03	1.465740e-02	3.265261e-04	2.889107e-03
76            	4.574857e-02	1.754949e-03	9.929599e-03	1.459344e-02	3.199305e-04	2.882785e-03
77            	4.552875e-02	1.743725e-03	9.884745e-03	1.451867e-02	3.136332e-04	2.877027e-03
78            	4.529828e-02	1.733144e-03	9.841689e-03	1.443129e-02	3.075892e-04	2.872285e-03
79            	4.497386e-02	1.723000e-03	9.800443e-03	1.433745e-02	3.019865e-04	2.869961e-03
80            	4.467253e-02	1.713024e-03	9.762903e-03	1.423839e-02	2.967899e-04	2.868071e-03
81            	4.435327e-02	1.702925e-03	9.727580e-03	1.413779e-02	2.920706e-04	2.866789e-03
82            	4.406367e-02	1.692948e-03	9.693754e-03	1.404329e-02	2.878248e-04	2.865227e-03
83            	4.378004e-02	1.682443e-03	9.661950e-03	1.395510e-02	2.840642e-04	2.862412e-03
84            	4.346309e-02	1.671789e-03	9.628616e-03	1.387768e-02	2.808432e-04	2.858781e-03
85            	4.314328e-02	1.661313e-03	9.594436e-03	1.380190e-02	2.781189e-04	2.857024e-03
86            	4.285227e-02	1.650697e-03	9.558647e-03	1.373205e-02	2.758496e-04	2.855677e-03
87            	4.267934e-02	1.640407e-03	9.523370e-03	1.366935e-02	2.741507e-04	2.855877e-03
88            	4.250410e-02	1.630217e-03	9.489061e-03	1.361027e-02	2.729032e-04	2.858485e-03
89            	4.230151e-02	1.620361e-03	9.454539e-03	1.355433e-02	2.721710e-04	2.864645e-03
90            	4.207986e-02	1.610876e-03	9.427266e-03	1.350288e-02	2.718631e-04	2.871705e-03
91            	4.177403e-02	1.601974e-03	9.408066e-03	1.345479e-02	2.719187e-04	2.883139e-03
92            	4.150200e-02	1.593871e-03	9.392405e-03	1.341098e-02	2.722617e-04	2.892697e-03
93            	4.125342e-02	1.586565e-03	9.381798e-03	1.336988e-02	2.729926e-04	2.901642e-03
94            	4.102662e-02	1.580036e-03	9.375774e-03	1.333308e-02	2.741378e-04	2.913271e-03
95            	4.086485e-02	1.574235e-03	9.372947e-03	1.330418e-02	2.723905e-04	2.921779e-03
96            	4.073009e-02	1.569475e-03	9.373331e-03	1.327880e-02	2.642915e-04	2.922789e-03
97            	4.061693e-02	1.564564e-03	9.377615e-03	1.325148e-02	2.561584e-04	2.929504e-03
98            	4.048928e-02	1.560745e-03	9.386463e-03	1.322676e-02	2.485735e-04	2.935405e-03
99            	4.039220e-02	1.557313e-03	9.399384e-03	1.320474e-02	2.417006e-04	2.942575e-03
100           	4.033287e-02	1.554804e-03	9.414404e-03	1.318524e-02	2.355064e-04	2.950761e-03
101           	4.033380e-02	1.553193e-03	9.434190e-03	1.317659e-02	2.299625e-04	2.960442e-03
102           	4.035332e-02	1.551890e-03	9.454596e-03	1.317457e-02	2.249347e-04	2.971341e-03
103           	4.037669e-02	1.551075e-03	9.475839e-03	1.317846e-02	2.204100e-04	2.984668e-03
104           	4.040009e-02	1.550000e-03	9.497295e-03	1.318029e-02	2.163053e-04	2.998005e-03
105           	4.041715e-02	1.548956e-03	9.515176e-03	1.318024e-02	2.125775e-04	3.011114e-03
106           	4.039359e-02	1.547471e-03	9.529579e-03	1.317598e-02	2.091497e-04	3.022729e-03
107           	4.036082e-02	1.545582e-03	9.535682e-03	1.316682e-02	2.059689e-04	3.033843e-03
108           	4.027509e-02	1.542875e-03	9.530611e-03	1.315069e-02	2.030491e-04	3.044377e-03
109           	4.015402e-02	1.539577e-03	9.520494e-03	1.313095e-02	2.004014e-04	3.053120e-03
110           	4.009352e-02	1.535979e-03	9.505106e-03	1.311355e-02	1.980918e-04	3.062236e-03
111           	4.001578e-02	1.532314e-03	9.484302e-03	1.309019e-02	1.962785e-04	3.070147e-03
112           	3.989494e-02	1.528059e-03	9.458091e-03	1.306282e-02	1.959405e-04	3.078516e-03
113           	3.975843e-02	1.523399e-03	9.425662e-03	1.303469e-02	1.958963e-04	3.087159e-03
114           	3.959082e-02	1.517942e-03	9.390863e-03	1.300575e-02	1.958514e-04	3.094553e-03
115           	3.941741e-02	1.512344e-03	9.354453e-03	1.297397e-02	1.957074e-04	3.101721e-03
116           	3.924719e-02	1.507069e-03	9.317570e-03	1.294420e-02	1.954732e-04	3.109965e-03
117           	3.908822e-02	1.501669e-03	9.283001e-03	1.291049e-02	1.951671e-04	3.118849e-03
118           	3.895556e-02	1.496489e-03	9.254545e-03	1.287424e-02	1.947917e-04	3.128984e-03
119           	3.879549e-02	1.492306e-03	9.232272e-03	1.284341e-02	1.943291e-04	3.139637e-03
120           	3.865742e-02	1.488454e-03	9.217197e-03	1.281387e-02	1.938298e-04	3.150631e-03
121           	3.847939e-02	1.484783e-03	9.204054e-03	1.278602e-02	1.932408e-04	3.159852e-03
122           	3.833547e-02	1.481573e-03	9.189931e-03	1.275589e-02	1.925949e-04	3.170051e-03
123           	3.817431e-02	1.477570e-03	9.175971e-03	1.272593e-02	1.919155e-04	3.179367e-03
124           	3.804451e-02	1.473098e-03	9.160209e-03	1.269613e-02	1.911824e-04	3.188185e-03
125           	3.789160e-02	1.467953e-03	9.139711e-03	1.266300e-02	1.904483e-04	3.196993e-03
126           	3.774418e-02	1.462948e-03	9.117021e-03	1.262494e-02	1.897458e-04	3.203867e-03
127           	3.759106e-02	1.457476e-03	9.092509e-03	1.259301e-02	1.890681e-04	3.210791e-03
128           	3.741961e-02	1.451687e-03	9.064461e-03	1.256366e-02	1.884140e-04	3.217467e-03
129           	3.725627e-02	1.445036e-03	9.032988e-03	1.253263e-02	1.878086e-04	3.224051e-03
130           	3.709903e-02	1.438176e-03	9.001652e-03	1.250270e-02	1.872556e-04	3.231580e-03
131           	3.695670e-02	1.431199e-03	8.973414e-03	1.247329e-02	1.867556e-04	3.237550e-03
132           	3.681783e-02	1.424258e-03	8.945249e-03	1.244439e-02	1.863314e-04	3.241948e-03
133           	3.664528e-02	1.417380e-03	8.917537e-03	1.241300e-02	1.858931e-04	3.246099e-03
134           	3.646966e-02	1.409772e-03	8.890459e-03	1.237930e-02	1.854797e-04	3.248510e-03
135           	3.629088e-02	1.401918e-03	8.864789e-03	1.234449e-02	1.851156e-04	3.249547e-03
136           	3.612710e-02	1.393719e-03	8.840783e-03	1.230830e-02	1.847891e-04	3.249866e-03
137           	3.591811e-02	1.385528e-03	8.816053e-03	1.227435e-02	1.845796e-04	3.248529e-03
138           	3.569034e-02	1.377529e-03	8.792129e-03	1.224291e-02	1.844895e-04	3.246390e-03
139           	3.547305e-02	1.370100e-03	8.770384e-03	1.221391e-02	1.844937e-04	3.242847e-03
140           	3.526315e-02	1.363161e-03	8.749678e-03	1.219194e-02	1.846591e-04	3.238845e-03
141           	3.508260e-02	1.356499e-03	8.728669e-03	1.217300e-02	1.849248e-04	3.234808e-03
142           	3.492422e-02	1.349903e-03	8.708404e-03	1.216047e-02	1.852274e-04	3.230738e-03
143           	3.484652e-02	1.343642e-03	8.689197e-03	1.215449e-02	1.855972e-04	3.226712e-03
144           	3.479103e-02	1.337972e-03	8.672125e-03	1.215331e-02	1.859205e-04	3.221698e-03
145           	3.475642e-02	1.332434e-03	8.656336e-03	1.215319e-02	1.863219e-04	3.216329e-03
146           	3.473745e-02	1.326806e-03	8.638443e-03	1.215068e-02	1.868126e-04	3.210726e-03
147           	3.470946e-02	1.321244e-03	8.621364e-03	1.214309e-02	1.873555e-04	3.204871e-03
148           	3.469395e-02	1.315595e-03	8.603510e-03	1.213361e-02	1.878653e-04	3.199406e-03
149           	3.464204e-02	1.309901e-03	8.583868e-03	1.211958e-02	1.882586e-04	3.193611e-03
150           	3.456979e-02	1.304236e-03	8.565706e-03	1.210004e-02	1.882140e-04	3.187349e-03
151           	3.448197e-02	1.298879e-03	8.545584e-03	1.207363e-02	1.869217e-04	3.177039e-03
152           	3.441486e-02	1.293699e-03	8.524303e-03	1.203555e-02	1.850703e-04	3.165194e-03
153           	3.435551e-02	1.288675e-03	8.500921e-03	1.198338e-02	1.830484e-04	3.153630e-03
154           	3.430819e-02	1.283529e-03	8.476254e-03	1.192550e-02	1.810237e-04	3.141035e-03
155           	3.422705e-02	1.278566e-03	8.445910e-03	1.185961e-02	1.790408e-04	3.128109e-03
156           	3.407462e-02	1.273493e-03	8.414651e-03	1.179178e-02	1.770699e-04	3.114584e-03
157           	3.387073e-02	1.268132e-03	8.377649e-03	1.171786e-02	1.750727e-04	3.101559e-03
158           	3.366775e-02	1.262382e-03	8.341453e-03	1.164176e-02	1.731488e-04	3.090657e-03
159           	3.343663e-02	1.256273e-03	8.305657e-03	1.156277e-02	1.712686e-04	3.079288e-03
160           	3.319847e-02	1.250124e-03	8.267272e-03	1.148602e-02	1.693653e-04	3.067413e-03
161           	3.295246e-02	1.243692e-03	8.228715e-03	1.141090e-02	1.675055e-04	3.054857e-03
162           	3.269261e-02	1.237149e-03	8.192220e-03	1.134547e-02	1.656996e-04	3.042759e-03
163           	3.240236e-02	1.230601e-03	8.156636e-03	1.129102e-02	1.639264e-04	3.030412e-03
164           	3.216457e-02	1.224045e-03	8.123873e-03	1.124655e-02	1.622350e-04	3.018153e-03
165           	3.193268e-02	1.217826e-03	8.095621e-03	1.120883e-02	1.605851e-04	3.005401e-03
166           	3.170421e-02	1.211835e-03	8.072214e-03	1.117587e-02	1.590082e-04	2.992296e-03
167           	3.144182e-02	1.206021e-03	8.052502e-03	1.114830e-02	1.575368e-04	2.977683e-03
168           	3.117098e-02	1.200328e-03	8.037562e-03	1.112506e-02	1.561503e-04	2.964348e-03
169           	3.086048e-02	1.194922e-03	8.023249e-03	1.110736e-02	1.548216e-04	2.951179e-03
170           	3.058278e-02	1.189732e-03	8.012545e-03	1.109375e-02	1.535710e-04	2.938071e-03
171           	3.032675e-02	1.184761e-03	8.000596e-03	1.108118e-02	1.523783e-04	2.925357e-03
172           	3.012292e-02	1.180229e-03	7.990107e-03	1.106868e-02	1.512175e-04	2.913572e-03
173           	2.992588e-02	1.175766e-03	7.977496e-03	1.105236e-02	1.500392e-04	2.901616e-03
174           	2.973308e-02	1.171571e-03	7.962126e-03	1.103530e-02	1.489164e-04	2.890489e-03
175           	2.958492e-02	1.167348e-03	7.946764e-03	1.101660e-02	1.478408e-04	2.880661e-03
176           	2.945797e-02	1.163183e-03	7.931032e-03	1.099392e-02	1.468399e-04	2.871598e-03
177           	2.932866e-02	1.159344e-03	7.913958e-03	1.097042e-02	1.459265e-04	2.863408e-03
178           	2.927431e-02	1.155953e-03	7.899422e-03	1.094584e-02	1.450459e-04	2.856236e-03
179           	2.925228e-02	1.152886e-03	7.883791e-03	1.091910e-02	1.441995e-04	2.849583e-03
180           	2.924127e-02	1.150044e-03	7.867690e-03	1.088558e-02	1.434008e-04	2.843636e-03
181           	2.921850e-02	1.147059e-03	7.851615e-03	1.084636e-02	1.426749e-04	2.836997e-03
182           	2.918126e-02	1.144018e-03	7.834527e-03	1.079860e-02	1.420023e-04	2.829293e-03
183           	2.912781e-02	1.140620e-03	7.817138e-03	1.074724e-02	1.413724e-04	2.820496e-03
184           	2.910319e-02	1.137108e-03	7.798472e-03	1.069049e-02	1.407612e-04	2.811330e-03
185           	2.908183e-02	1.133825e-03	7.778784e-03	1.062836e-02	1.402311e-04	2.802541e-03
186           	2.908077e-02	1.130275e-03	7.757241e-03	1.056547e-02	1.398179e-04	2.792440e-03
187           	2.907451e-02	1.126505e-03	7.735011e-03	1.050180e-02	1.396252e-04	2.781138e-03
188           	2.905900e-02	1.122416e-03	7.710108e-03	1.043733e-02	1.394607e-04	2.769381e-03
189           	2.901665e-02	1.118222e-03	7.684350e-03	1.036909e-02	1.393345e-04	2.759016e-03
190           	2.897752e-02	1.114145e-03	7.656946e-03	1.030020e-02	1.391683e-04	2.749254e-03
191           	2.890647e-02	1.110157e-03	7.627826e-03	1.023176e-02	1.390233e-04	2.740274e-03
192           	2.880720e-02	1.106105e-03	7.599142e-03	1.016470e-02	1.388347e-04	2.731742e-03
193           	2.868500e-02	1.102349e-03	7.572043e-03	1.009763e-02	1.386209e-04	2.724980e-03
194           	2.859859e-02	1.098755e-03	7.545702e-03	1.003386e-02	1.383867e-04	2.718935e-03
195           	2.851283e-02	1.094980e-03	7.521964e-03	9.976740e-03	1.381106e-04	2.714700e-03
196           	2.848199e-02	1.091565e-03	7.498716e-03	9.922086e-03	1.378601e-04	2.710669e-03
197           	2.845886e-02	1.088388e-03	7.478825e-03	9.871538e-03	1.375735e-04	2.706242e-03
198           	2.845604e-02	1.085337e-03	7.458792e-03	9.819924e-03	1.372787e-04	2.702088e-03
199           	2.845479e-02	1.082333e-03	7.438749e-03	9.769747e-03	1.369820e-04	2.698766e-03
200           	2.844190e-02	1.079530e-03	7.418131e-03	9.719550e-03	1.366426e-04	2.695116e-03
201           	2.837732e-02	1.076325e-03	7.398549e-03	9.673938e-03	1.362138e-04	2.690650e-03
202           	2.828915e-02	1.072997e-03	7.378762e-03	9.635171e-03	1.356715e-04	2.686048e-03
203           	2.816908e-02	1.069578e-03	7.360951e-03	9.602612e-03	1.350825e-04	2.681173e-03
204           	2.805133e-02	1.066259e-03	7.345771e-03	9.577904e-03	1.344296e-04	2.676429e-03
205           	2.795934e-02	1.063069e-03	7.334276e-03	9.560023e-03	1.337801e-04	2.672399e-03
206           	2.789050e-02	1.060437e-03	7.330048e-03	9.548470e-03	1.331156e-04	2.668804e-03
207           	2.783708e-02	1.058309e-03	7.332468e-03	9.545019e-03	1.324249e-04	2.665789e-03
208           	2.781086e-02	1.056497e-03	7.342032e-03	9.546588e-03	1.317401e-04	2.663358e-03
209           	2.781301e-02	1.054872e-03	7.358240e-03	9.558636e-03	1.310209e-04	2.661808e-03
210           	2.781858e-02	1.053608e-03	7.381146e-03	9.583282e-03	1.303198e-04	2.660147e-03
211           	2.783873e-02	1.052836e-03	7.408240e-03	9.614247e-03	1.296119e-04	2.658503e-03
212           	2.790367e-02	1.052198e-03	7.437350e-03	9.651298e-03	1.289302e-04	2.656832e-03
213           	2.799542e-02	1.051498e-03	7.467545e-03	9.686384e-03	1.282432e-04	2.655201e-03
214           	2.809429e-02	1.050629e-03	7.494090e-03	9.719278e-03	1.275665e-04	2.653214e-03
215           	2.819462e-02	1.049470e-03	7.513713e-03	9.744458e-03	1.268860e-04	2.650201e-03
216           	2.833542e-02	1.047956e-03	7.526482e-03	9.760789e-03	1.262388e-04	2.646940e-03
217           	2.846525e-02	1.045754e-03	7.533157e-03	9.768037e-03	1.256171e-04	2.644084e-03
218           	2.851729e-02	1.042937e-03	7.528374e-03	9.765471e-03	1.250005e-04	2.640542e-03
219           	2.855507e-02	1.039480e-03	7.515185e-03	9.755232e-03	1.243983e-04	2.636474e-03
220           	2.858107e-02	1.035657e-03	7.493479e-03	9.737737e-03	1.238289e-04	2.632674e-03
221           	2.861469e-02	1.031595e-03	7.462876e-03	9.712490e-03	1.232792e-04	2.629192e-03
222           	2.864160e-02	1.027387e-03	7.426079e-03	9.680204e-03	1.227566e-04	2.625003e-03
223           	2.861251e-02	1.023120e-03	7.382211e-03	9.642970e-03	1.221916e-04	2.619622e-03
224           	2.855142e-02	1.018704e-03	7.331194e-03	9.603945e-03	1.216132e-04	2.613243e-03
225           	2.846013e-02	1.014523e-03	7.278283e-03	9.558546e-03	1.210225e-04	2.606726e-03
226           	2.841034e-02	1.010567e-03	7.223666e-03	9.513531e-03	1.204420e-04	2.599555e-03
227           	2.833077e-02	1.007060e-03	7.169890e-03	9.468826e-03	1.198463e-04	2.591946e-03
228           	2.826267e-02	1.003788e-03	7.120720e-03	9.428669e-03	1.192768e-04	2.582514e-03
229           	2.817501e-02	1.000923e-03	7.077406e-03	9.392885e-03	1.187583e-04	2.572643e-03
230           	2.813471e-02	9.984142e-04	7.041095e-03	9.363190e-03	1.182153e-04	2.562964e-03
231           	2.817787e-02	9.961268e-04	7.015461e-03	9.339423e-03	1.176620e-04	2.552743e-03
232           	2.824241e-02	9.940216e-04	6.997558e-03	9.321901e-03	1.171108e-04	2.542412e-03
233           	2.832120e-02	9.920387e-04	6.986607e-03	9.310325e-03	1.165395e-04	2.531871e-03
234           	2.841788e-02	9.899836e-04	6.980474e-03	9.305146e-03	1.159490e-04	2.520504e-03
235           	2.853777e-02	9.878054e-04	6.977795e-03	9.300755e-03	1.153791e-04	2.508584e-03
236           	2.863375e-02	9.853923e-04	6.977562e-03	9.296765e-03	1.147787e-04	2.495335e-03
237           	2.873671e-02	9.820797e-04	6.976577e-03	9.286834e-03	1.141974e-04	2.480661e-03
238           	2.883515e-02	9.782962e-04	6.974880e-03	9.278175e-03	1.136047e-04	2.466124e-03
239           	2.886692e-02	9.742612e-04	6.972324e-03	9.264263e-03	1.130350e-04	2.452565e-03
240           	2.888875e-02	9.698149e-04	6.969159e-03	9.244582e-03	1.124775e-04	2.438672e-03
241           	2.889719e-02	9.653263e-04	6.963537e-03	9.219610e-03	1.119878e-04	2.425431e-03
242           	2.890768e-02	9.602665e-04	6.952930e-03	9.194663e-03	1.114984e-04	2.412140e-03
243           	2.894707e-02	9.546983e-04	6.939752e-03	9.164576e-03	1.110399e-04	2.399340e-03
244           	2.894889e-02	9.490576e-04	6.924542e-03	9.130904e-03	1.105555e-04	2.386974e-03
245           	2.897188e-02	9.433704e-04	6.905686e-03	9.095170e-03	1.101299e-04	2.375160e-03
246           	2.895998e-02	9.381650e-04	6.886098e-03	9.059585e-03	1.097380e-04	2.363730e-03
247           	2.891695e-02	9.332175e-04	6.867222e-03	9.024026e-03	1.093874e-04	2.353133e-03
248           	2.886085e-02	9.285430e-04	6.848621e-03	8.991657e-03	1.090265e-04	2.342968e-03
249           	2.882282e-02	9.243713e-04	6.834976e-03	8.961601e-03	1.086599e-04	2.334330e-03
250           	2.880991e-02	9.204118e-04	6.824412e-03	8.934359e-03	1.083297e-04	2.326622e-03
251           	2.883057e-02	9.170403e-04	6.816329e-03	8.906354e-03	1.079895e-04	2.319288e-03
252           	2.890461e-02	9.137711e-04	6.808436e-03	8.881551e-03	1.076856e-04	2.312120e-03
253           	2.897089e-02	9.106182e-04	6.802922e-03	8.849947e-03	1.074106e-04	2.305589e-03
254           	2.903874e-02	9.077507e-04	6.794362e-03	8.815631e-03	1.071485e-04	2.299097e-03
255           	2.908249e-02	9.050660e-04	6.783106e-03	8.773888e-03	1.068532e-04	2.294586e-03
256           	2.912797e-02	9.024488e-04	6.769919e-03	8.733214e-03	1.065451e-04	2.292676e-03
257           	2.916960e-02	8.995000e-04	6.752377e-03	8.695099e-03	1.062021e-04	2.287603e-03
258           	2.924096e-02	8.965161e-04	6.730718e-03	8.655147e-03	1.058515e-04	2.280783e-03
259           	2.925976e-02	8.935008e-04	6.704894e-03	8.614839e-03	1.054822e-04	2.274075e-03
260           	2.922051e-02	8.905557e-04	6.674901e-03	8.574600e-03	1.051083e-04	2.267402e-03
261           	2.913929e-02	8.878775e-04	6.645086e-03	8.536265e-03	1.047222e-04	2.260641e-03
262           	2.900386e-02	8.854841e-04	6.616239e-03	8.501735e-03	1.043098e-04	2.253035e-03
263           	2.883683e-02	8.833438e-04	6.590802e-03	8.472153e-03	1.039313e-04	2.243915e-03
264           	2.864689e-02	8.811846e-04	6.567040e-03	8.448502e-03	1.035537e-04	2.235295e-03
265           	2.846426e-02	8.792623e-04	6.546096e-03	8.429047e-03	1.032266e-04	2.226485e-03
266           	2.833347e-02	8.772119e-04	6.528441e-03	8.412409e-03	1.029516e-04	2.219241e-03
267           	2.821368e-02	8.747955e-04	6.515369e-03	8.398314e-03	1.027172e-04	2.212545e-03
268           	2.814136e-02	8.722779e-04	6.503983e-03	8.383376e-03	1.024971e-04	2.206104e-03
269           	2.810134e-02	8.697145e-04	6.493929e-03	8.364594e-03	1.022410e-04	2.200154e-03
270           	2.806090e-02	8.672801e-04	6.482837e-03	8.343072e-03	1.019622e-04	2.196265e-03
271           	2.803296e-02	8.651867e-04	6.468879e-03	8.317756e-03	1.016601e-04	2.191520e-03
272           	2.799628e-02	8.630836e-04	6.455488e-03	8.286410e-03	1.013332e-04	2.187539e-03
273           	2.797511e-02	8.615026e-04	6.440947e-03	8.251915e-03	1.009605e-04	2.184881e-03
274           	2.790867e-02	8.602290e-04	6.425914e-03	8.213510e-03	1.005696e-04	2.182732e-03
275           	2.784637e-02	8.590867e-04	6.408234e-03	8.172586e-03	1.001359e-04	2.179996e-03
276           	2.774765e-02	8.578637e-04	6.388235e-03	8.127590e-03	9.966099e-05	2.176834e-03
277           	2.763018e-02	8.564457e-04	6.363340e-03	8.076597e-03	9.911852e-05	2.172125e-03
278           	2.753728e-02	8.549022e-04	6.335076e-03	8.022651e-03	9.856258e-05	2.166222e-03
279           	2.745050e-02	8.528264e-04	6.303782e-03	7.963860e-03	9.799325e-05	2.157872e-03
280           	2.735735e-02	8.502588e-04	6.269199e-03	7.905222e-03	9.743566e-05	2.146738e-03
281           	2.726781e-02	8.470568e-04	6.234239e-03	7.852281e-03	9.692296e-05	2.134989e-03
282           	2.718460e-02	8.435446e-04	6.199427e-03	7.802604e-03	9.644794e-05	2.121796e-03
283           	2.708091e-02	8.399987e-04	6.167472e-03	7.757372e-03	9.595951e-05	2.107419e-03
284           	2.698258e-02	8.362198e-04	6.136405e-03	7.717969e-03	9.549099e-05	2.091960e-03
285           	2.687356e-02	8.320707e-04	6.110636e-03	7.682008e-03	9.500103e-05	2.076715e-03
286           	2.677644e-02	8.276029e-04	6.081218e-03	7.652179e-03	9.449663e-05	2.061608e-03
287           	2.668762e-02	8.228024e-04	6.049590e-03	7.621092e-03	9.398971e-05	2.045911e-03
288           	2.659237e-02	8.174891e-04	6.016583e-03	7.590127e-03	9.348323e-05	2.030393e-03
289           	2.650254e-02	8.116315e-04	5.983666e-03	7.557835e-03	9.298430e-05	2.015473e-03
290           	2.641202e-02	8.056542e-04	5.951515e-03	7.525263e-03	9.246069e-05	2.000770e-03
291           	2.626349e-02	7.997693e-04	5.920525e-03	7.492643e-03	9.194329e-05	1.986864e-03
292           	2.609532e-02	7.938580e-04	5.890404e-03	7.462044e-03	9.144091e-05	1.973719e-03
293           	2.593113e-02	7.882038e-04	5.862032e-03	7.426894e-03	9.092637e-05	1.961427e-03
294           	2.582679e-02	7.833954e-04	5.836447e-03	7.393324e-03	9.040985e-05	1.950696e-03
295           	2.572620e-02	7.791709e-04	5.815233e-03	7.362374e-03	8.990789e-05	1.941914e-03
296           	2.563823e-02	7.753623e-04	5.796941e-03	7.335564e-03	8.942573e-05	1.934495e-03
297           	2.553098e-02	7.720694e-04	5.780418e-03	7.312142e-03	8.894710e-05	1.928560e-03
298           	2.542038e-02	7.691881e-04	5.765740e-03	7.289561e-03	8.848262e-05	1.922690e-03
299           	2.531299e-02	7.668013e-04	5.754517e-03	7.272966e-03	8.805599e-05	1.917222e-03
300           	2.522436e-02	7.648924e-04	5.745791e-03	7.259988e-03	8.764483e-05	1.912108e-03
301           	2.516376e-02	7.631611e-04	5.737281e-03	7.251622e-03	8.729574e-05	1.907552e-03
302           	2.511448e-02	7.615409e-04	5.728220e-03	7.243227e-03	8.696733e-05	1.903062e-03
303           	2.507320e-02	7.600092e-04	5.718226e-03	7.235754e-03	8.665192e-05	1.898501e-03
304           	2.505083e-02	7.582116e-04	5.705669e-03	7.229220e-03	8.634385e-05	1.893022e-03
305           	2.501996e-02	7.562376e-04	5.688423e-03	7.222564e-03	8.604391e-05	1.888155e-03
306           	2.499102e-02	7.540078e-04	5.668122e-03	7.211638e-03	8.573485e-05	1.883176e-03
307           	2.494060e-02	7.512836e-04	5.644550e-03	7.200736e-03	8.540481e-05	1.877461e-03
308           	2.490251e-02	7.480709e-04	5.619257e-03	7.186149e-03	8.508671e-05	1.870599e-03
309           	2.487175e-02	7.445485e-04	5.594193e-03	7.169305e-03	8.479393e-05	1.863355e-03
310           	2.482855e-02	7.406828e-04	5.569757e-03	7.150709e-03	8.453941e-05	1.855891e-03
311           	2.476425e-02	7.368116e-04	5.545172e-03	7.129414e-03	8.428506e-05	1.848110e-03
312           	2.469248e-02	7.328458e-04	5.520750e-03	7.109775e-03	8.403186e-05	1.839390e-03
313           	2.462116e-02	7.289869e-04	5.499065e-03	7.093327e-03	8.381258e-05	1.830474e-03
314           	2.457034e-02	7.253552e-04	5.480223e-03	7.082170e-03	8.361339e-05	1.822150e-03
315           	2.452247e-02	7.219463e-04	5.465442e-03	7.071325e-03	8.342715e-05	1.814777e-03
316           	2.450026e-02	7.187898e-04	5.454177e-03	7.064587e-03	8.324857e-05	1.807592e-03
317           	2.448542e-02	7.160448e-04	5.447399e-03	7.062703e-03	8.310446e-05	1.801615e-03
318           	2.450926e-02	7.137305e-04	5.443590e-03	7.067782e-03	8.296695e-05	1.796455e-03
319           	2.452766e-02	7.118921e-04	5.444729e-03	7.079625e-03	8.285747e-05	1.792412e-03
320           	2.457291e-02	7.104031e-04	5.447259e-03	7.099210e-03	8.272325e-05	1.788696e-03
321           	2.462102e-02	7.094812e-04	5.451654e-03	7.123602e-03	8.263512e-05	1.786373e-03
322           	2.469840e-02	7.090473e-04	5.458244e-03	7.153212e-03	8.253698e-05	1.785931e-03
323           	2.480243e-02	7.092763e-04	5.465959e-03	7.185768e-03	8.245890e-05	1.785940e-03
324           	2.491919e-02	7.098439e-04	5.476652e-03	7.219174e-03	8.235409e-05	1.787226e-03
325           	2.501724e-02	7.107103e-04	5.489810e-03	7.252164e-03	8.227716e-05	1.788689e-03
326           	2.511054e-02	7.117905e-04	5.502849e-03	7.285797e-03	8.219971e-05	1.790398e-03
327           	2.518785e-02	7.131849e-04	5.517719e-03	7.316132e-03	8.211637e-05	1.792293e-03
328           	2.528874e-02	7.147938e-04	5.531397e-03	7.344666e-03	8.206800e-05	1.794826e-03
329           	2.536717e-02	7.165743e-04	5.545189e-03	7.368864e-03	8.202853e-05	1.797658e-03
330           	2.545666e-02	7.183562e-04	5.560596e-03	7.390297e-03	8.196475e-05	1.801331e-03
331           	2.555343e-02	7.202096e-04	5.575650e-03	7.412236e-03	8.190592e-05	1.805466e-03
332           	2.569198e-02	7.219125e-04	5.591778e-03	7.433203e-03	8.187045e-05	1.810299e-03
333           	2.582868e-02	7.234432e-04	5.606551e-03	7.452499e-03	8.181324e-05	1.815659e-03
334           	2.599584e-02	7.247633e-04	5.619411e-03	7.473768e-03	8.178386e-05	1.821533e-03
335           	2.616556e-02	7.258796e-04	5.630958e-03	7.494285e-03	8.176839e-05	1.827531e-03
336           	2.630313e-02	7.265370e-04	5.638994e-03	7.514780e-03	8.170764e-05	1.833253e-03
337           	2.640611e-02	7.269825e-04	5.643558e-03	7.534561e-03	8.162062e-05	1.838046e-03
338           	2.645500e-02	7.271500e-04	5.644830e-03	7.549728e-03	8.152205e-05	1.842182e-03
339           	2.644099e-02	7.271998e-04	5.643549e-03	7.561234e-03	8.136724e-05	1.845448e-03
340           	2.640473e-02	7.270395e-04	5.641916e-03	7.570249e-03	8.112958e-05	1.848140e-03
341           	2.634034e-02	7.266437e-04	5.639608e-03	7.576922e-03	8.085986e-05	1.850444e-03
342           	2.626907e-02	7.263846e-04	5.637068e-03	7.581695e-03	8.061555e-05	1.852841e-03
343           	2.619747e-02	7.261973e-04	5.635541e-03	7.585869e-03	8.037780e-05	1.854980e-03
344           	2.617320e-02	7.256602e-04	5.635436e-03	7.588767e-03	8.016707e-05	1.856716e-03
345           	2.614571e-02	7.250290e-04	5.634516e-03	7.589582e-03	8.000568e-05	1.857680e-03
346           	2.610837e-02	7.242926e-04	5.634430e-03	7.586963e-03	7.987049e-05	1.858396e-03
347           	2.605497e-02	7.233014e-04	5.634822e-03	7.583387e-03	7.977830e-05	1.859701e-03
348           	2.599944e-02	7.221847e-04	5.632468e-03	7.579253e-03	7.969889e-05	1.860388e-03
349           	2.595178e-02	7.211407e-04	5.626012e-03	7.570594e-03	7.956297e-05	1.860231e-03
350           	2.590126e-02	7.199627e-04	5.617015e-03	7.559335e-03	7.943216e-05	1.859132e-03
351           	2.581809e-02	7.187993e-04	5.604695e-03	7.546330e-03	7.930912e-05	1.857192e-03
352           	2.572699e-02	7.176169e-04	5.589446e-03	7.532606e-03	7.911348e-05	1.854517e-03
353           	2.563165e-02	7.165540e-04	5.573188e-03	7.518283e-03	7.890064e-05	1.851981e-03
354           	2.554915e-02	7.154562e-04	5.557933e-03	7.503499e-03	7.867604e-05	1.849657e-03
355           	2.548130e-02	7.144770e-04	5.545123e-03	7.489714e-03	7.843748e-05	1.848109e-03
356           	2.542713e-02	7.136862e-04	5.532889e-03	7.479429e-03	7.822476e-05	1.847153e-03
357           	2.538459e-02	7.131159e-04	5.520429e-03	7.468782e-03	7.803349e-05	1.846928e-03
358           	2.534590e-02	7.126392e-04	5.508140e-03	7.459493e-03	7.787344e-05	1.846784e-03
359           	2.530386e-02	7.121619e-04	5.495680e-03	7.449344e-03	7.775112e-05	1.846071e-03
360           	2.527343e-02	7.114721e-04	5.483178e-03	7.437412e-03	7.763268e-05	1.844927e-03
361           	2.522834e-02	7.107008e-04	5.472301e-03	7.428320e-03	7.750919e-05	1.843745e-03
362           	2.518299e-02	7.098121e-04	5.463981e-03	7.422395e-03	7.743375e-05	1.842716e-03
363           	2.513285e-02	7.089761e-04	5.457629e-03	7.419274e-03	7.738158e-05	1.841280e-03
364           	2.511536e-02	7.079829e-04	5.453803e-03	7.415953e-03	7.733677e-05	1.840409e-03
365           	2.509882e-02	7.067740e-04	5.452151e-03	7.412085e-03	7.729749e-05	1.839540e-03
366           	2.506520e-02	7.055726e-04	5.448998e-03	7.406001e-03	7.725182e-05	1.838938e-03
367           	2.500553e-02	7.041696e-04	5.444495e-03	7.398941e-03	7.719733e-05	1.838319e-03
368           	2.498110e-02	7.026463e-04	5.439946e-03	7.390049e-03	7.711405e-05	1.838105e-03
369           	2.497228e-02	7.011514e-04	5.438310e-03	7.380546e-03	7.702916e-05	1.838047e-03
370           	2.496796e-02	6.995498e-04	5.438611e-03	7.370990e-03	7.690264e-05	1.838524e-03
371           	2.496397e-02	6.978543e-04	5.441172e-03	7.362878e-03	7.677392e-05	1.839220e-03
372           	2.499054e-02	6.960978e-04	5.446550e-03	7.356350e-03	7.666167e-05	1.839683e-03
373           	2.501785e-02	6.944043e-04	5.453949e-03	7.351110e-03	7.649681e-05	1.839795e-03
374           	2.506123e-02	6.930006e-04	5.462787e-03	7.347983e-03	7.629811e-05	1.839478e-03
375           	2.512046e-02	6.917281e-04	5.471189e-03	7.347376e-03	7.609845e-05	1.838887e-03
376           	2.517679e-02	6.906547e-04	5.478115e-03	7.347828e-03	7.590773e-05	1.838725e-03
377           	2.520962e-02	6.897694e-04	5.484966e-03	7.349437e-03	7.570015e-05	1.838126e-03
378           	2.525767e-02	6.889536e-04	5.490302e-03	7.351619e-03	7.551748e-05	1.837117e-03
379           	2.530329e-02	6.882627e-04	5.493944e-03	7.353564e-03	7.535354e-05	1.836806e-03
380           	2.534887e-02	6.876709e-04	5.496551e-03	7.356263e-03	7.519128e-05	1.837150e-03
381           	2.537835e-02	6.871591e-04	5.499015e-03	7.357598e-03	7.505012e-05	1.837747e-03
382           	2.541320e-02	6.868777e-04	5.501004e-03	7.358633e-03	7.491869e-05	1.838763e-03
383           	2.544076e-02	6.867716e-04	5.503099e-03	7.359276e-03	7.476178e-05	1.840034e-03
384           	2.549074e-02	6.865724e-04	5.506174e-03	7.360447e-03	7.462783e-05	1.841453e-03
385           	2.556634e-02	6.865153e-04	5.510578e-03	7.360246e-03	7.446837e-05	1.843750e-03
386           	2.560017e-02	6.863209e-04	5.514531e-03	7.360326e-03	7.435633e-05	1.846416e-03
387           	2.560172e-02	6.859582e-04	5.518994e-03	7.359966e-03	7.428056e-05	1.849616e-03
388           	2.560603e-02	6.856271e-04	5.524874e-03	7.361860e-03	7.420332e-05	1.854134e-03
389           	2.560394e-02	6.852834e-04	5.530651e-03	7.366371e-03	7.413645e-05	1.858761e-03
390           	2.561575e-02	6.849134e-04	5.534662e-03	7.374798e-03	7.404395e-05	1.862642e-03
391           	2.562250e-02	6.844779e-04	5.535713e-03	7.385341e-03	7.399908e-05	1.866315e-03
392           	2.562194e-02	6.839547e-04	5.534854e-03	7.399988e-03	7.398809e-05	1.870209e-03
393           	2.561290e-02	6.832067e-04	5.532736e-03	7.415981e-03	7.399473e-05	1.873872e-03
394           	2.560947e-02	6.824279e-04	5.529855e-03	7.433410e-03	7.396687e-05	1.877017e-03
395           	2.560262e-02	6.816447e-04	5.526840e-03	7.450315e-03	7.392469e-05	1.880543e-03
396           	2.559057e-02	6.809368e-04	5.524313e-03	7.467284e-03	7.384365e-05	1.883111e-03
397           	2.558011e-02	6.803341e-04	5.525028e-03	7.482004e-03	7.373120e-05	1.884104e-03
398           	2.557291e-02	6.798624e-04	5.530386e-03	7.494259e-03	7.361717e-05	1.883835e-03
399           	2.555494e-02	6.797573e-04	5.538500e-03	7.506236e-03	7.348595e-05	1.883151e-03
400           	2.554822e-02	6.800715e-04	5.549437e-03	7.518120e-03	7.331649e-05	1.882267e-03
401           	2.556158e-02	6.806975e-04	5.564985e-03	7.531154e-03	7.317206e-05	1.881899e-03
402           	2.559885e-02	6.817693e-04	5.583331e-03	7.544501e-03	7.307563e-05	1.881697e-03
403           	2.564471e-02	6.830892e-04	5.603588e-03	7.561455e-03	7.300827e-05	1.882088e-03
404           	2.572992e-02	6.847676e-04	5.625576e-03	7.578704e-03	7.294213e-05	1.883090e-03
405           	2.584543e-02	6.866068e-04	5.646481e-03	7.598066e-03	7.294689e-05	1.885374e-03
406           	2.594492e-02	6.883044e-04	5.665792e-03	7.618972e-03	7.297857e-05	1.888317e-03
407           	2.602642e-02	6.896979e-04	5.681387e-03	7.639866e-03	7.303737e-05	1.891528e-03
408           	2.610441e-02	6.908382e-04	5.694247e-03	7.659153e-03	7.303536e-05	1.895425e-03
409           	2.619121e-02	6.916455e-04	5.702905e-03	7.677247e-03	7.301815e-05	1.899368e-03
410           	2.629063e-02	6.923109e-04	5.709719e-03	7.693345e-03	7.299426e-05	1.902976e-03
411           	2.636993e-02	6.926659e-04	5.716139e-03	7.705777e-03	7.291696e-05	1.906240e-03
412           	2.641339e-02	6.930344e-04	5.722955e-03	7.716906e-03	7.282646e-05	1.908087e-03
413           	2.644786e-02	6.933544e-04	5.730596e-03	7.723126e-03	7.271725e-05	1.908861e-03
414           	2.650380e-02	6.932956e-04	5.739342e-03	7.726224e-03	7.260658e-05	1.907936e-03
415           	2.656729e-02	6.931649e-04	5.747469e-03	7.725450e-03	7.246776e-05	1.905829e-03
416           	2.665616e-02	6.929338e-04	5.756099e-03	7.720528e-03	7.234898e-05	1.903166e-03
417           	2.675487e-02	6.926828e-04	5.765382e-03	7.710498e-03	7.223797e-05	1.900212e-03
418           	2.685068e-02	6.924453e-04	5.773489e-03	7.697969e-03	7.212600e-05	1.897246e-03
419           	2.692135e-02	6.921227e-04	5.780691e-03	7.681815e-03	7.200451e-05	1.894492e-03
420           	2.694748e-02	6.916800e-04	5.788775e-03	7.663476e-03	7.188363e-05	1.892648e-03
421           	2.694582e-02	6.909290e-04	5.794986e-03	7.643781e-03	7.175639e-05	1.890855e-03
422           	2.691685e-02	6.901310e-04	5.800724e-03	7.624637e-03	7.163129e-05	1.889420e-03
423           	2.687275e-02	6.891050e-04	5.804238e-03	7.605264e-03	7.152232e-05	1.888414e-03
424           	2.683074e-02	6.880505e-04	5.807968e-03	7.584691e-03	7.143471e-05	1.887400e-03
425           	2.676088e-02	6.874105e-04	5.811853e-03	7.569377e-03	7.131163e-05	1.886474e-03
426           	2.666737e-02	6.867925e-04	5.817568e-03	7.557810e-03	7.114374e-05	1.885042e-03
427           	2.656439e-02	6.862247e-04	5.825303e-03	7.553731e-03	7.096141e-05	1.884147e-03
428           	2.647709e-02	6.857940e-04	5.834109e-03	7.556138e-03	7.076352e-05	1.882510e-03
429           	2.640231e-02	6.856202e-04	5.844642e-03	7.561410e-03	7.056249e-05	1.880606e-03
430           	2.639040e-02	6.857281e-04	5.855225e-03	7.567918e-03	7.037080e-05	1.879389e-03
431           	2.638664e-02	6.859622e-04	5.867062e-03	7.571936e-03	7.016506e-05	1.877380e-03
432           	2.639676e-02	6.862520e-04	5.878025e-03	7.570328e-03	6.993238e-05	1.874301e-03
433           	2.641678e-02	6.865860e-04	5.885612e-03	7.561051e-03	6.969727e-05	1.870596e-03
434           	2.643619e-02	6.864621e-04	5.888195e-03	7.544528e-03	6.944080e-05	1.866584e-03
435           	2.642030e-02	6.860111e-04	5.883430e-03	7.519128e-03	6.918535e-05	1.862335e-03
436           	2.639996e-02	6.850881e-04	5.870819e-03	7.491215e-03	6.892646e-05	1.858613e-03
437           	2.636775e-02	6.840358e-04	5.851877e-03	7.456857e-03	6.868354e-05	1.855110e-03
438           	2.632105e-02	6.826277e-04	5.825950e-03	7.421024e-03	6.844580e-05	1.851942e-03
439           	2.622827e-02	6.807225e-04	5.794221e-03	7.384930e-03	6.820748e-05	1.848286e-03
440           	2.611274e-02	6.782852e-04	5.760220e-03	7.350748e-03	6.799135e-05	1.844268e-03
441           	2.600932e-02	6.759717e-04	5.726609e-03	7.318792e-03	6.782246e-05	1.839849e-03
442           	2.598257e-02	6.737676e-04	5.695426e-03	7.296250e-03	6.768137e-05	1.834838e-03
443           	2.598674e-02	6.716060e-04	5.666489e-03	7.278929e-03	6.755751e-05	1.829578e-03
444           	2.601082e-02	6.696762e-04	5.639575e-03	7.265731e-03	6.741867e-05	1.824617e-03
445           	2.601896e-02	6.677356e-04	5.612950e-03	7.257346e-03	6.728878e-05	1.819938e-03
446           	2.602043e-02	6.658443e-04	5.588287e-03	7.254337e-03	6.717826e-05	1.814661e-03
447           	2.599478e-02	6.638078e-04	5.566548e-03	7.255407e-03	6.706396e-05	1.809433e-03
448           	2.597192e-02	6.617766e-04	5.543783e-03	7.259102e-03	6.690781e-05	1.804073e-03
449           	2.595672e-02	6.594511e-04	5.523374e-03	7.264158e-03	6.675094e-05	1.798540e-03
450           	2.596042e-02	6.570069e-04	5.503326e-03	7.270758e-03	6.657652e-05	1.793003e-03
451           	2.600938e-02	6.545603e-04	5.483424e-03	7.273986e-03	6.636338e-05	1.787282e-03
452           	2.607588e-02	6.520422e-04	5.463201e-03	7.272936e-03	6.615207e-05	1.781484e-03
453           	2.615186e-02	6.495843e-04	5.441386e-03	7.266185e-03	6.596637e-05	1.775792e-03
454           	2.622381e-02	6.473041e-04	5.417959e-03	7.256640e-03	6.577565e-05	1.770421e-03
455           	2.625900e-02	6.449234e-04	5.394863e-03	7.242207e-03	6.562667e-05	1.765083e-03
456           	2.626616e-02	6.424541e-04	5.372331e-03	7.224629e-03	6.548350e-05	1.759890e-03
457           	2.625288e-02	6.401724e-04	5.352336e-03	7.201355e-03	6.534888e-05	1.754948e-03
458           	2.624884e-02	6.382059e-04	5.335228e-03	7.174463e-03	6.525039e-05	1.749753e-03
459           	2.624809e-02	6.362052e-04	5.322151e-03	7.147799e-03	6.515691e-05	1.744911e-03
460           	2.628611e-02	6.343000e-04	5.313436e-03	7.123033e-03	6.507446e-05	1.740806e-03
461           	2.633038e-02	6.327993e-04	5.306896e-03	7.101393e-03	6.502284e-05	1.737165e-03
462           	2.635525e-02	6.315828e-04	5.300485e-03	7.084164e-03	6.495475e-05	1.733660e-03
463           	2.635834e-02	6.305292e-04	5.294062e-03	7.072287e-03	6.488592e-05	1.730761e-03
464           	2.632736e-02	6.295689e-04	5.288565e-03	7.065952e-03	6.477537e-05	1.727912e-03
465           	2.625742e-02	6.286319e-04	5.283324e-03	7.064636e-03	6.467420e-05	1.725488e-03
466           	2.619641e-02	6.277622e-04	5.280567e-03	7.066617e-03	6.454508e-05	1.723316e-03
467           	2.615033e-02	6.269255e-04	5.278535e-03	7.072404e-03	6.441428e-05	1.721495e-03
468           	2.612249e-02	6.261631e-04	5.275606e-03	7.079666e-03	6.428746e-05	1.720579e-03
469           	2.609680e-02	6.255665e-04	5.272031e-03	7.089799e-03	6.418323e-05	1.719101e-03
470           	2.609353e-02	6.250172e-04	5.267542e-03	7.101766e-03	6.408878e-05	1.716630e-03
471           	2.608843e-02	6.241940e-04	5.259599e-03	7.113398e-03	6.395636e-05	1.713274e-03
472           	2.604467e-02	6.231805e-04	5.249481e-03	7.122006e-03	6.380564e-05	1.710123e-03
473           	2.596766e-02	6.219205e-04	5.236099e-03	7.126853e-03	6.368358e-05	1.706931e-03
474           	2.589912e-02	6.204381e-04	5.221110e-03	7.126528e-03	6.352585e-05	1.703514e-03
475           	2.585213e-02	6.185653e-04	5.202214e-03	7.120160e-03	6.333571e-05	1.700006e-03
476           	2.582633e-02	6.168525e-04	5.179430e-03	7.105290e-03	6.314974e-05	1.697239e-03
477           	2.577199e-02	6.149483e-04	5.154482e-03	7.085688e-03	6.298380e-05	1.694764e-03
478           	2.568764e-02	6.127658e-04	5.128078e-03	7.062131e-03	6.280567e-05	1.693456e-03
479           	2.559419e-02	6.103775e-04	5.101051e-03	7.034673e-03	6.264245e-05	1.691655e-03
480           	2.549845e-02	6.077881e-04	5.073585e-03	7.004047e-03	6.248708e-05	1.689417e-03
481           	2.538312e-02	6.052315e-04	5.046911e-03	6.973876e-03	6.235373e-05	1.686973e-03
482           	2.530753e-02	6.027914e-04	5.022232e-03	6.943380e-03	6.221004e-05	1.684509e-03
483           	2.523649e-02	6.007492e-04	5.001171e-03	6.916258e-03	6.204523e-05	1.682232e-03
484           	2.518611e-02	5.988420e-04	4.982474e-03	6.890447e-03	6.189611e-05	1.680282e-03
485           	2.514262e-02	5.969953e-04	4.966489e-03	6.866950e-03	6.173901e-05	1.678400e-03
486           	2.510258e-02	5.952367e-04	4.950305e-03	6.847054e-03	6.159323e-05	1.676908e-03
487           	2.504248e-02	5.934181e-04	4.934123e-03	6.830693e-03	6.143681e-05	1.675359e-03
488           	2.499754e-02	5.915483e-04	4.917861e-03	6.817797e-03	6.130874e-05	1.673443e-03
489           	2.497360e-02	5.896679e-04	4.901779e-03	6.806129e-03	6.120496e-05	1.671642e-03
490           	2.495339e-02	5.879790e-04	4.885796e-03	6.795622e-03	6.107909e-05	1.669764e-03
491           	2.494917e-02	5.864757e-04	4.869920e-03	6.784821e-03	6.098961e-05	1.668540e-03
492           	2.496751e-02	5.850656e-04	4.853267e-03	6.776523e-03	6.089252e-05	1.667806e-03
493           	2.497480e-02	5.837248e-04	4.838564e-03	6.769389e-03	6.080580e-05	1.667982e-03
494           	2.495306e-02	5.824723e-04	4.827188e-03	6.762064e-03	6.071745e-05	1.667279e-03
495           	2.489285e-02	5.813364e-04	4.816189e-03	6.754343e-03	6.061425e-05	1.666746e-03
496           	2.483457e-02	5.802536e-04	4.805531e-03	6.748051e-03	6.050246e-05	1.666028e-03
497           	2.479069e-02	5.792891e-04	4.794575e-03	6.744453e-03	6.038498e-05	1.664826e-03
498           	2.476256e-02	5.785082e-04	4.781338e-03	6.740584e-03	6.027077e-05	1.664449e-03
499           	2.471637e-02	5.779222e-04	4.768787e-03	6.736483e-03	6.019982e-05	1.664887e-03
500           	2.468044e-02	5.775575e-04	4.755948e-03	6.730132e-03	6.016753e-05	1.665859e-03
501           	2.463347e-02	5.772444e-04	4.744334e-03	6.721507e-03	6.014613e-05	1.667378e-03
502           	2.461174e-02	5.769758e-04	4.733561e-03	6.711025e-03	6.011759e-05	1.669827e-03
503           	2.456655e-02	5.767690e-04	4.723624e-03	6.701284e-03	6.011198e-05	1.672428e-03
504           	2.452662e-02	5.764953e-04	4.715881e-03	6.693119e-03	6.009749e-05	1.674779e-03
505           	2.446731e-02	5.761414e-04	4.709149e-03	6.684628e-03	6.005417e-05	1.676547e-03
506           	2.442236e-02	5.757145e-04	4.702342e-03	6.675734e-03	5.997702e-05	1.678326e-03
507           	2.436207e-02	5.751493e-04	4.695123e-03	6.666100e-03	5.987653e-05	1.678831e-03
508           	2.431787e-02	5.744596e-04	4.686542e-03	6.653815e-03	5.975331e-05	1.678775e-03
509           	2.428317e-02	5.735419e-04	4.678733e-03	6.641284e-03	5.962135e-05	1.677686e-03
510           	2.426907e-02	5.724207e-04	4.668981e-03	6.625746e-03	5.950034e-05	1.676080e-03
511           	2.425174e-02	5.712019e-04	4.659846e-03	6.610428e-03	5.934449e-05	1.673874e-03
512           	2.423684e-02	5.700230e-04	4.651717e-03	6.592866e-03	5.918420e-05	1.671631e-03
513           	2.420115e-02	5.688778e-04	4.644775e-03	6.574968e-03	5.902837e-05	1.669560e-03
514           	2.417784e-02	5.678901e-04	4.640900e-03	6.558524e-03	5.887454e-05	1.667394e-03
515           	2.412931e-02	5.672393e-04	4.640960e-03	6.543702e-03	5.869559e-05	1.665389e-03
516           	2.407030e-02	5.668246e-04	4.644374e-03	6.532421e-03	5.854545e-05	1.663862e-03
517           	2.399498e-02	5.665228e-04	4.650142e-03	6.522106e-03	5.839239e-05	1.663125e-03
518           	2.394886e-02	5.661685e-04	4.655236e-03	6.512669e-03	5.824381e-05	1.662485e-03
519           	2.391477e-02	5.656750e-04	4.657944e-03	6.506653e-03	5.810821e-05	1.661886e-03
520           	2.390694e-02	5.651248e-04	4.658312e-03	6.503008e-03	5.795392e-05	1.661860e-03
521           	2.391159e-02	5.642816e-04	4.654518e-03	6.500370e-03	5.782657e-05	1.661654e-03
522           	2.390921e-02	5.632469e-04	4.646335e-03	6.497395e-03	5.771952e-05	1.661927e-03
523           	2.388926e-02	5.620893e-04	4.636076e-03	6.492913e-03	5.760220e-05	1.662676e-03
524           	2.385503e-02	5.607688e-04	4.623162e-03	6.487598e-03	5.750267e-05	1.663576e-03
525           	2.380808e-02	5.593912e-04	4.607817e-03	6.480316e-03	5.744430e-05	1.663512e-03
526           	2.378241e-02	5.579259e-04	4.591819e-03	6.469998e-03	5.736083e-05	1.662901e-03
527           	2.374210e-02	5.563415e-04	4.574280e-03	6.457286e-03	5.727262e-05	1.661915e-03
528           	2.369123e-02	5.547292e-04	4.558086e-03	6.442077e-03	5.721504e-05	1.660899e-03
529           	2.362554e-02	5.530698e-04	4.542011e-03	6.425484e-03	5.716435e-05	1.660181e-03
530           	2.355401e-02	5.513931e-04	4.528492e-03	6.406292e-03	5.704751e-05	1.658934e-03
531           	2.348294e-02	5.496735e-04	4.517376e-03	6.386571e-03	5.693554e-05	1.657396e-03
532           	2.342233e-02	5.480785e-04	4.507335e-03	6.364468e-03	5.685254e-05	1.655442e-03
533           	2.336368e-02	5.465175e-04	4.500118e-03	6.342898e-03	5.676253e-05	1.653638e-03
534           	2.329809e-02	5.451527e-04	4.495747e-03	6.324842e-03	5.668302e-05	1.651625e-03
535           	2.324727e-02	5.438690e-04	4.494850e-03	6.308143e-03	5.663287e-05	1.649557e-03
536           	2.321286e-02	5.429598e-04	4.496202e-03	6.296794e-03	5.658572e-05	1.647051e-03
537           	2.319656e-02	5.424351e-04	4.500347e-03	6.290532e-03	5.656307e-05	1.645251e-03
538           	2.320664e-02	5.421631e-04	4.507662e-03	6.287075e-03	5.652641e-05	1.643806e-03
539           	2.323615e-02	5.421446e-04	4.518239e-03	6.285225e-03	5.651193e-05	1.642825e-03
540           	2.328809e-02	5.422848e-04	4.528612e-03	6.285418e-03	5.652730e-05	1.642421e-03
541           	2.334329e-02	5.427783e-04	4.539157e-03	6.287212e-03	5.656513e-05	1.642325e-03
542           	2.337306e-02	5.434156e-04	4.548910e-03	6.288012e-03	5.658609e-05	1.642902e-03
543           	2.340905e-02	5.441260e-04	4.558373e-03	6.287960e-03	5.658704e-05	1.644573e-03
544           	2.345491e-02	5.448702e-04	4.566352e-03	6.286930e-03	5.655385e-05	1.646302e-03
545           	2.351728e-02	5.456188e-04	4.574448e-03	6.287075e-03	5.653922e-05	1.648026e-03
546           	2.357463e-02	5.463196e-04	4.582241e-03	6.291146e-03	5.647201e-05	1.650175e-03
547           	2.364371e-02	5.469362e-04	4.587101e-03	6.298079e-03	5.640309e-05	1.652517e-03
548           	2.370557e-02	5.474257e-04	4.588712e-03	6.305582e-03	5.633256e-05	1.655613e-03
549           	2.373865e-02	5.478811e-04	4.589164e-03	6.316476e-03	5.626230e-05	1.658657e-03
550           	2.374889e-02	5.481782e-04	4.588078e-03	6.326335e-03	5.614321e-05	1.661253e-03
551           	2.374931e-02	5.483442e-04	4.586616e-03	6.334367e-03	5.601722e-05	1.663191e-03
552           	2.373925e-02	5.484435e-04	4.584599e-03	6.340865e-03	5.590547e-05	1.664371e-03
553           	2.373878e-02	5.483943e-04	4.582181e-03	6.345807e-03	5.578376e-05	1.665138e-03
554           	2.372003e-02	5.483014e-04	4.578541e-03	6.348666e-03	5.566912e-05	1.665794e-03
555           	2.370830e-02	5.482728e-04	4.575101e-03	6.351723e-03	5.555601e-05	1.666741e-03
556           	2.369598e-02	5.482409e-04	4.571309e-03	6.354305e-03	5.546618e-05	1.668140e-03
557           	2.367429e-02	5.483950e-04	4.566493e-03	6.356530e-03	5.540449e-05	1.669872e-03
558           	2.365246e-02	5.487288e-04	4.561191e-03	6.357266e-03	5.535869e-05	1.671454e-03
559           	2.362463e-02	5.491168e-04	4.556693e-03	6.356310e-03	5.529417e-05	1.672790e-03
560           	2.359118e-02	5.495338e-04	4.551424e-03	6.352592e-03	5.523817e-05	1.674164e-03
561           	2.355944e-02	5.498562e-04	4.546507e-03	6.346200e-03	5.519979e-05	1.675757e-03
562           	2.357008e-02	5.500917e-04	4.543542e-03	6.338861e-03	5.515286e-05	1.677035e-03
563           	2.356655e-02	5.501840e-04	4.539627e-03	6.331004e-03	5.513209e-05	1.677924e-03
564           	2.356144e-02	5.500959e-04	4.535133e-03	6.320011e-03	5.510285e-05	1.678518e-03
565           	2.356565e-02	5.498641e-04	4.531867e-03	6.306554e-03	5.508630e-05	1.677904e-03
566           	2.358326e-02	5.496311e-04	4.530017e-03	6.291997e-03	5.507163e-05	1.676934e-03
567           	2.360902e-02	5.493170e-04	4.528153e-03	6.278446e-03	5.506780e-05	1.675521e-03
568           	2.365702e-02	5.488387e-04	4.525295e-03	6.267908e-03	5.508060e-05	1.674184e-03
569           	2.369440e-02	5.482724e-04	4.522470e-03	6.259570e-03	5.511288e-05	1.673001e-03
570           	2.371021e-02	5.477580e-04	4.518757e-03	6.250207e-03	5.515680e-05	1.672116e-03
571           	2.371810e-02	5.472203e-04	4.515581e-03	6.242677e-03	5.519805e-05	1.671690e-03
572           	2.371005e-02	5.466205e-04	4.511619e-03	6.234672e-03	5.523381e-05	1.671125e-03
573           	2.371389e-02	5.458236e-04	4.507318e-03	6.225484e-03	5.525896e-05	1.670139e-03
574           	2.371796e-02	5.451004e-04	4.503959e-03	6.216986e-03	5.531853e-05	1.669120e-03
575           	2.372860e-02	5.444941e-04	4.500140e-03	6.210257e-03	5.536278e-05	1.667978e-03
576           	2.372587e-02	5.439022e-04	4.496365e-03	6.205867e-03	5.540922e-05	1.666411e-03
577           	2.373834e-02	5.434124e-04	4.491893e-03	6.203973e-03	5.547008e-05	1.665221e-03
578           	2.373931e-02	5.429242e-04	4.488525e-03	6.202912e-03	5.550108e-05	1.664505e-03
579           	2.373803e-02	5.425133e-04	4.485227e-03	6.201076e-03	5.554165e-05	1.664514e-03
580           	2.371218e-02	5.420600e-04	4.482321e-03	6.198659e-03	5.558970e-05	1.664411e-03
581           	2.368726e-02	5.417931e-04	4.481676e-03	6.198040e-03	5.560112e-05	1.664083e-03
582           	2.366816e-02	5.417748e-04	4.483058e-03	6.198172e-03	5.563728e-05	1.663925e-03
583           	2.363517e-02	5.419678e-04	4.489203e-03	6.200840e-03	5.565256e-05	1.663618e-03
584           	2.360299e-02	5.424638e-04	4.499451e-03	6.204912e-03	5.568985e-05	1.663319e-03
585           	2.357856e-02	5.432931e-04	4.514140e-03	6.212966e-03	5.571105e-05	1.662866e-03
586           	2.356679e-02	5.443666e-04	4.532659e-03	6.224379e-03	5.569320e-05	1.662490e-03
587           	2.355863e-02	5.457844e-04	4.553350e-03	6.238685e-03	5.566956e-05	1.662753e-03
588           	2.357474e-02	5.473072e-04	4.575031e-03	6.254577e-03	5.571341e-05	1.663024e-03
589           	2.359875e-02	5.488870e-04	4.596345e-03	6.272396e-03	5.575403e-05	1.662869e-03
590           	2.363224e-02	5.504733e-04	4.617269e-03	6.293462e-03	5.580795e-05	1.662798e-03
591           	2.368114e-02	5.520188e-04	4.637949e-03	6.317876e-03	5.586397e-05	1.663342e-03
592           	2.374817e-02	5.532004e-04	4.658453e-03	6.344575e-03	5.591928e-05	1.663764e-03
593           	2.381850e-02	5.543070e-04	4.677685e-03	6.373000e-03	5.592837e-05	1.664239e-03
594           	2.389058e-02	5.552453e-04	4.696597e-03	6.403317e-03	5.595531e-05	1.664982e-03
595           	2.397048e-02	5.561017e-04	4.715310e-03	6.435159e-03	5.600320e-05	1.666074e-03
596           	2.405206e-02	5.569244e-04	4.732682e-03	6.465179e-03	5.602868e-05	1.667585e-03
597           	2.411791e-02	5.577228e-04	4.746055e-03	6.494658e-03	5.600123e-05	1.668914e-03
598           	2.417035e-02	5.585211e-04	4.756688e-03	6.520325e-03	5.597882e-05	1.669977e-03
599           	2.420203e-02	5.592201e-04	4.762256e-03	6.539886e-03	5.592525e-05	1.670814e-03
600           	2.423036e-02	5.596596e-04	4.764735e-03	6.553897e-03	5.587471e-05	1.671051e-03
601           	2.425345e-02	5.599270e-04	4.763276e-03	6.561723e-03	5.583552e-05	1.670752e-03
602           	2.429672e-02	5.599916e-04	4.759525e-03	6.564790e-03	5.577140e-05	1.670389e-03
603           	2.433717e-02	5.597476e-04	4.755101e-03	6.560828e-03	5.571488e-05	1.669712e-03
604           	2.439089e-02	5.593608e-04	4.750068e-03	6.551622e-03	5.563575e-05	1.669126e-03
605           	2.441187e-02	5.589992e-04	4.746545e-03	6.539875e-03	5.556192e-05	1.667960e-03
606           	2.444988e-02	5.589169e-04	4.744376e-03	6.526714e-03	5.548062e-05	1.666720e-03
607           	2.446874e-02	5.590036e-04	4.744904e-03	6.513701e-03	5.541648e-05	1.665937e-03
608           	2.449332e-02	5.592179e-04	4.747621e-03	6.501903e-03	5.541624e-05	1.665396e-03
609           	2.452760e-02	5.594666e-04	4.752333e-03	6.492274e-03	5.541920e-05	1.664911e-03
610           	2.458071e-02	5.597357e-04	4.759263e-03	6.486463e-03	5.544975e-05	1.663830e-03
611           	2.461159e-02	5.598370e-04	4.766633e-03	6.482336e-03	5.550342e-05	1.662673e-03
612           	2.463953e-02	5.596931e-04	4.774720e-03	6.481532e-03	5.552755e-05	1.660892e-03
613           	2.465870e-02	5.593053e-04	4.781887e-03	6.480869e-03	5.555652e-05	1.658906e-03
614           	2.465658e-02	5.586759e-04	4.788724e-03	6.481529e-03	5.556080e-05	1.656807e-03
615           	2.462351e-02	5.577153e-04	4.795992e-03	6.481614e-03	5.552593e-05	1.653982e-03
616           	2.458214e-02	5.566015e-04	4.800555e-03	6.481029e-03	5.542629e-05	1.651267e-03
617           	2.452234e-02	5.555607e-04	4.802029e-03	6.480062e-03	5.528038e-05	1.648905e-03
618           	2.446827e-02	5.545471e-04	4.798957e-03	6.478656e-03	5.509793e-05	1.646584e-03
619           	2.444645e-02	5.535767e-04	4.791430e-03	6.478721e-03	5.492409e-05	1.644793e-03
620           	2.444074e-02	5.528760e-04	4.778640e-03	6.477878e-03	5.477659e-05	1.643593e-03
621           	2.441105e-02	5.524405e-04	4.763835e-03	6.478641e-03	5.467834e-05	1.642306e-03
622           	2.438071e-02	5.520637e-04	4.747934e-03	6.478246e-03	5.463388e-05	1.640838e-03
623           	2.434891e-02	5.518282e-04	4.732918e-03	6.477649e-03	5.464240e-05	1.639084e-03
624           	2.430971e-02	5.519180e-04	4.718737e-03	6.480531e-03	5.469004e-05	1.637746e-03
625           	2.427411e-02	5.521982e-04	4.707318e-03	6.486091e-03	5.476910e-05	1.637429e-03
626           	2.427355e-02	5.525658e-04	4.698542e-03	6.494246e-03	5.490208e-05	1.638154e-03
627           	2.428555e-02	5.531537e-04	4.691661e-03	6.501806e-03	5.502378e-05	1.640154e-03
628           	2.428678e-02	5.538495e-04	4.687605e-03	6.510359e-03	5.512469e-05	1.642606e-03
629           	2.427833e-02	5.544959e-04	4.684365e-03	6.519849e-03	5.520608e-05	1.645491e-03
630           	2.426791e-02	5.550924e-04	4.682101e-03	6.527481e-03	5.524372e-05	1.648554e-03
631           	2.427516e-02	5.554685e-04	4.679693e-03	6.532196e-03	5.528171e-05	1.651176e-03
632           	2.430329e-02	5.555280e-04	4.678408e-03	6.534147e-03	5.527808e-05	1.652917e-03
633           	2.433912e-02	5.554695e-04	4.678091e-03	6.532766e-03	5.526361e-05	1.654907e-03
634           	2.436758e-02	5.552231e-04	4.679245e-03	6.529269e-03	5.525543e-05	1.657050e-03
635           	2.436803e-02	5.548481e-04	4.683500e-03	6.526620e-03	5.524138e-05	1.659269e-03
636           	2.436834e-02	5.543021e-04	4.689511e-03	6.525717e-03	5.520865e-05	1.660735e-03
637           	2.430795e-02	5.536477e-04	4.697641e-03	6.524903e-03	5.519647e-05	1.661819e-03
638           	2.426837e-02	5.529296e-04	4.706451e-03	6.524518e-03	5.518653e-05	1.661805e-03
639           	2.424026e-02	5.524133e-04	4.715271e-03	6.525803e-03	5.520204e-05	1.661738e-03
640           	2.423209e-02	5.520834e-04	4.722793e-03	6.526128e-03	5.521781e-05	1.661385e-03
641           	2.422673e-02	5.520233e-04	4.726966e-03	6.527123e-03	5.521342e-05	1.660860e-03
642           	2.424632e-02	5.520757e-04	4.726459e-03	6.526080e-03	5.519974e-05	1.660161e-03
643           	2.425378e-02	5.518859e-04	4.722246e-03	6.522567e-03	5.516527e-05	1.659805e-03
644           	2.426727e-02	5.514609e-04	4.714065e-03	6.517907e-03	5.517303e-05	1.659045e-03
645           	2.425597e-02	5.507415e-04	4.703492e-03	6.511545e-03	5.519805e-05	1.658320e-03
646           	2.426545e-02	5.500372e-04	4.691317e-03	6.503358e-03	5.521408e-05	1.657327e-03
647           	2.424923e-02	5.493434e-04	4.678729e-03	6.495614e-03	5.522721e-05	1.656107e-03
648           	2.425213e-02	5.487833e-04	4.668172e-03	6.489575e-03	5.524455e-05	1.654880e-03
649           	2.422604e-02	5.483820e-04	4.659815e-03	6.486441e-03	5.527481e-05	1.653843e-03
650           	2.422073e-02	5.481637e-04	4.653422e-03	6.483411e-03	5.532328e-05	1.652944e-03
651           	2.422751e-02	5.482046e-04	4.649624e-03	6.484757e-03	5.536483e-05	1.652210e-03
652           	2.423541e-02	5.483334e-04	4.647736e-03	6.485967e-03	5.540638e-05	1.651845e-03
653           	2.424011e-02	5.484943e-04	4.646286e-03	6.487485e-03	5.541926e-05	1.651861e-03
654           	2.424383e-02	5.485793e-04	4.645462e-03	6.486893e-03	5.542957e-05	1.651917e-03
655           	2.421053e-02	5.484717e-04	4.643244e-03	6.483189e-03	5.541242e-05	1.651813e-03
656           	2.415694e-02	5.481720e-04	4.639377e-03	6.477688e-03	5.541293e-05	1.651659e-03
657           	2.410890e-02	5.477723e-04	4.634120e-03	6.470054e-03	5.541243e-05	1.651136e-03
658           	2.407164e-02	5.472678e-04	4.628543e-03	6.459174e-03	5.542675e-05	1.649977e-03
659           	2.403802e-02	5.468602e-04	4.621740e-03	6.448197e-03	5.543642e-05	1.647896e-03
660           	2.401484e-02	5.464149e-04	4.615192e-03	6.436751e-03	5.542264e-05	1.645679e-03
661           	2.400636e-02	5.458937e-04	4.608985e-03	6.428019e-03	5.538613e-05	1.643949e-03
662           	2.401975e-02	5.454603e-04	4.602295e-03	6.421024e-03	5.535608e-05	1.642544e-03
663           	2.405848e-02	5.450241e-04	4.595888e-03	6.415558e-03	5.536737e-05	1.641446e-03
664           	2.409044e-02	5.446147e-04	4.589782e-03	6.412499e-03	5.532953e-05	1.641120e-03
665           	2.410525e-02	5.443450e-04	4.587499e-03	6.414693e-03	5.529000e-05	1.640847e-03
666           	2.410073e-02	5.441260e-04	4.588368e-03	6.418883e-03	5.527362e-05	1.641267e-03
667           	2.409413e-02	5.441503e-04	4.593048e-03	6.427239e-03	5.525468e-05	1.642243e-03
668           	2.411652e-02	5.443116e-04	4.600963e-03	6.438254e-03	5.526568e-05	1.643802e-03
669           	2.415897e-02	5.447560e-04	4.610559e-03	6.451039e-03	5.531753e-05	1.646446e-03
670           	2.423559e-02	5.453237e-04	4.620434e-03	6.463360e-03	5.537848e-05	1.649723e-03
671           	2.428340e-02	5.462362e-04	4.630934e-03	6.476049e-03	5.547478e-05	1.653175e-03
672           	2.433976e-02	5.471234e-04	4.641132e-03	6.490737e-03	5.556075e-05	1.656563e-03
673           	2.434267e-02	5.483237e-04	4.652238e-03	6.506438e-03	5.560110e-05	1.660013e-03
674           	2.434918e-02	5.496243e-04	4.663606e-03	6.522083e-03	5.562658e-05	1.663231e-03
675           	2.435109e-02	5.508461e-04	4.675388e-03	6.537919e-03	5.570084e-05	1.666245e-03
676           	2.436233e-02	5.519369e-04	4.687653e-03	6.551645e-03	5.579552e-05	1.669543e-03
677           	2.433717e-02	5.528251e-04	4.699667e-03	6.564162e-03	5.588337e-05	1.673189e-03
678           	2.430431e-02	5.535414e-04	4.708581e-03	6.574511e-03	5.600728e-05	1.676955e-03
679           	2.424566e-02	5.540747e-04	4.714884e-03	6.582549e-03	5.610445e-05	1.680964e-03
680           	2.420621e-02	5.544186e-04	4.720536e-03	6.591668e-03	5.612134e-05	1.684547e-03
681           	2.413176e-02	5.547386e-04	4.726008e-03	6.602205e-03	5.613285e-05	1.688071e-03
682           	2.407172e-02	5.549597e-04	4.730145e-03	6.614211e-03	5.613900e-05	1.691827e-03
683           	2.400441e-02	5.551960e-04	4.733812e-03	6.626491e-03	5.610446e-05	1.695934e-03
684           	2.396979e-02	5.554057e-04	4.736857e-03	6.638500e-03	5.608307e-05	1.700474e-03
685           	2.396957e-02	5.556020e-04	4.742638e-03	6.652696e-03	5.606987e-05	1.705530e-03
686           	2.399722e-02	5.559720e-04	4.748618e-03	6.666329e-03	5.609944e-05	1.710523e-03
687           	2.402962e-02	5.566585e-04	4.755560e-03	6.681695e-03	5.612274e-05	1.715557e-03
688           	2.404740e-02	5.575910e-04	4.763620e-03	6.697071e-03	5.618902e-05	1.720906e-03
689           	2.406954e-02	5.586962e-04	4.773117e-03	6.712387e-03	5.624820e-05	1.726153e-03
690           	2.412177e-02	5.599072e-04	4.784690e-03	6.728044e-03	5.631753e-05	1.731102e-03
691           	2.416154e-02	5.612003e-04	4.799327e-03	6.744448e-03	5.639137e-05	1.735153e-03
692           	2.419632e-02	5.623650e-04	4.815072e-03	6.760340e-03	5.646182e-05	1.739141e-03
693           	2.422838e-02	5.634127e-04	4.833492e-03	6.776758e-03	5.655471e-05	1.742182e-03
694           	2.425587e-02	5.643492e-04	4.851974e-03	6.791523e-03	5.660811e-05	1.744959e-03
695           	2.427850e-02	5.651261e-04	4.869746e-03	6.805046e-03	5.666896e-05	1.747749e-03
696           	2.426929e-02	5.658020e-04	4.887633e-03	6.815940e-03	5.677958e-05	1.751208e-03
697           	2.426426e-02	5.664072e-04	4.903330e-03	6.823123e-03	5.687808e-05	1.754846e-03
698           	2.425443e-02	5.670035e-04	4.918789e-03	6.827630e-03	5.697117e-05	1.758645e-03
699           	2.423854e-02	5.674374e-04	4.932166e-03	6.827439e-03	5.703585e-05	1.762523e-03
700           	2.423347e-02	5.678966e-04	4.943259e-03	6.824621e-03	5.709863e-05	1.765616e-03
701           	2.426684e-02	5.683412e-04	4.952880e-03	6.820592e-03	5.717045e-05	1.768196e-03
702           	2.430967e-02	5.686760e-04	4.960083e-03	6.814149e-03	5.722896e-05	1.769489e-03
703           	2.437664e-02	5.689768e-04	4.966417e-03	6.806244e-03	5.727138e-05	1.769686e-03
704           	2.445436e-02	5.693222e-04	4.973139e-03	6.798546e-03	5.724558e-05	1.768245e-03
705           	2.454702e-02	5.697843e-04	4.980781e-03	6.791734e-03	5.721952e-05	1.765725e-03
706           	2.461806e-02	5.703100e-04	4.988911e-03	6.787715e-03	5.716731e-05	1.762544e-03
707           	2.467730e-02	5.707792e-04	4.997576e-03	6.786044e-03	5.710435e-05	1.758583e-03
708           	2.472959e-02	5.712926e-04	5.009190e-03	6.787085e-03	5.703435e-05	1.753729e-03
709           	2.475201e-02	5.716594e-04	5.020691e-03	6.791846e-03	5.693052e-05	1.748689e-03
710           	2.478154e-02	5.718728e-04	5.033259e-03	6.796232e-03	5.679801e-05	1.743324e-03
711           	2.481796e-02	5.720734e-04	5.044674e-03	6.797694e-03	5.669418e-05	1.738038e-03
712           	2.485313e-02	5.722432e-04	5.054209e-03	6.797819e-03	5.659530e-05	1.732667e-03
713           	2.489311e-02	5.724337e-04	5.064252e-03	6.798720e-03	5.647024e-05	1.728047e-03
714           	2.492815e-02	5.724416e-04	5.073349e-03	6.797790e-03	5.638077e-05	1.723820e-03
715           	2.496030e-02	5.726669e-04	5.084327e-03	6.797305e-03	5.629215e-05	1.719262e-03
716           	2.497145e-02	5.730591e-04	5.095321e-03	6.795486e-03	5.623667e-05	1.714705e-03
717           	2.493575e-02	5.735266e-04	5.105651e-03	6.793548e-03	5.620153e-05	1.711255e-03
718           	2.490206e-02	5.737312e-04	5.114117e-03	6.790639e-03	5.620359e-05	1.708369e-03
719           	2.483881e-02	5.739052e-04	5.120247e-03	6.785560e-03	5.623264e-05	1.706643e-03
720           	2.479563e-02	5.740896e-04	5.123123e-03	6.777713e-03	5.627752e-05	1.704236e-03
721           	2.477623e-02	5.742555e-04	5.121180e-03	6.767534e-03	5.635584e-05	1.700973e-03
722           	2.475609e-02	5.745375e-04	5.114315e-03	6.754211e-03	5.639550e-05	1.697658e-03
723           	2.474569e-02	5.746051e-04	5.103011e-03	6.737403e-03	5.639603e-05	1.694779e-03
724           	2.474946e-02	5.743014e-04	5.086416e-03	6.717343e-03	5.639186e-05	1.691451e-03
725           	2.473047e-02	5.738114e-04	5.067010e-03	6.692326e-03	5.632063e-05	1.687417e-03
726           	2.468130e-02	5.731362e-04	5.043586e-03	6.662551e-03	5.625062e-05	1.682679e-03
727           	2.463540e-02	5.721966e-04	5.018956e-03	6.629116e-03	5.618243e-05	1.678645e-03
728           	2.459668e-02	5.712035e-04	4.993627e-03	6.593210e-03	5.610625e-05	1.674579e-03
729           	2.458072e-02	5.701709e-04	4.967626e-03	6.556434e-03	5.605467e-05	1.671118e-03
730           	2.457275e-02	5.688838e-04	4.941628e-03	6.519124e-03	5.602375e-05	1.667381e-03
731           	2.458512e-02	5.673984e-04	4.915982e-03	6.480748e-03	5.600185e-05	1.663416e-03
732           	2.458372e-02	5.656019e-04	4.890964e-03	6.443399e-03	5.596438e-05	1.659326e-03
733           	2.456487e-02	5.636056e-04	4.867605e-03	6.406059e-03	5.592038e-05	1.654213e-03
734           	2.452574e-02	5.615088e-04	4.848923e-03	6.371143e-03	5.584845e-05	1.649161e-03
735           	2.448542e-02	5.594036e-04	4.833906e-03	6.341804e-03	5.572719e-05	1.644705e-03
736           	2.442340e-02	5.576167e-04	4.824378e-03	6.320305e-03	5.562772e-05	1.640432e-03
737           	2.439617e-02	5.562787e-04	4.819390e-03	6.307158e-03	5.552570e-05	1.636578e-03
738           	2.439731e-02	5.553038e-04	4.819516e-03	6.303647e-03	5.549395e-05	1.632950e-03
739           	2.440848e-02	5.547393e-04	4.822096e-03	6.309992e-03	5.545889e-05	1.629500e-03
740           	2.439653e-02	5.544965e-04	4.826592e-03	6.320555e-03	5.547021e-05	1.626816e-03
741           	2.439622e-02	5.544744e-04	4.832229e-03	6.336004e-03	5.551245e-05	1.624002e-03
742           	2.443171e-02	5.546371e-04	4.839686e-03	6.355144e-03	5.554459e-05	1.621337e-03
743           	2.447730e-02	5.551827e-04	4.849664e-03	6.375930e-03	5.556516e-05	1.619637e-03
744           	2.452614e-02	5.560883e-04	4.863877e-03	6.398266e-03	5.559510e-05	1.618045e-03
745           	2.456023e-02	5.572114e-04	4.879862e-03	6.420881e-03	5.559081e-05	1.616574e-03
746           	2.457333e-02	5.584663e-04	4.896653e-03	6.443105e-03	5.558230e-05	1.615396e-03
747           	2.456150e-02	5.597357e-04	4.913364e-03	6.466400e-03	5.554952e-05	1.615495e-03
748           	2.454836e-02	5.609312e-04	4.927267e-03	6.489796e-03	5.550803e-05	1.615903e-03
749           	2.451356e-02	5.621286e-04	4.937857e-03	6.509791e-03	5.549581e-05	1.616650e-03
750           	2.447903e-02	5.632781e-04	4.945040e-03	6.527380e-03	5.547007e-05	1.617985e-03
751           	2.443948e-02	5.642781e-04	4.948917e-03	6.542705e-03	5.543583e-05	1.619870e-03
752           	2.441062e-02	5.652186e-04	4.949747e-03	6.554760e-03	5.541364e-05	1.621984e-03
753           	2.438524e-02	5.659674e-04	4.946297e-03	6.563125e-03	5.538565e-05	1.624399e-03
754           	2.437155e-02	5.664066e-04	4.939797e-03	6.566464e-03	5.533075e-05	1.626670e-03
755           	2.435094e-02	5.665118e-04	4.931106e-03	6.565695e-03	5.529093e-05	1.628636e-03
756           	2.435765e-02	5.664063e-04	4.920701e-03	6.559312e-03	5.525549e-05	1.630665e-03
757           	2.436792e-02	5.660766e-04	4.908491e-03	6.549316e-03	5.522372e-05	1.632472e-03
758           	2.438152e-02	5.656736e-04	4.896013e-03	6.537617e-03	5.522207e-05	1.633262e-03
759           	2.442884e-02	5.650867e-04	4.882081e-03	6.525301e-03	5.522677e-05	1.633883e-03
760           	2.447248e-02	5.642732e-04	4.869115e-03	6.511790e-03	5.526059e-05	1.634669e-03
761           	2.451064e-02	5.634830e-04	4.858668e-03	6.497967e-03	5.533928e-05	1.634854e-03
762           	2.455997e-02	5.625861e-04	4.849528e-03	6.484909e-03	5.543221e-05	1.634464e-03
763           	2.460267e-02	5.617527e-04	4.842572e-03	6.475153e-03	5.551575e-05	1.634384e-03
764           	2.464800e-02	5.611207e-04	4.838692e-03	6.468299e-03	5.561536e-05	1.634444e-03
765           	2.467833e-02	5.605916e-04	4.836448e-03	6.463449e-03	5.565175e-05	1.633987e-03
766           	2.467902e-02	5.600491e-04	4.836529e-03	6.460491e-03	5.564367e-05	1.632935e-03
767           	2.465955e-02	5.595813e-04	4.839378e-03	6.457141e-03	5.560378e-05	1.631662e-03
768           	2.466165e-02	5.593041e-04	4.842768e-03	6.455716e-03	5.554159e-05	1.630214e-03
769           	2.465088e-02	5.592961e-04	4.848105e-03	6.456761e-03	5.547531e-05	1.628533e-03
770           	2.465072e-02	5.592693e-04	4.855220e-03	6.458577e-03	5.543400e-05	1.626598e-03
771           	2.464266e-02	5.592995e-04	4.862979e-03	6.462663e-03	5.539920e-05	1.625103e-03
772           	2.464470e-02	5.595037e-04	4.872020e-03	6.469934e-03	5.538939e-05	1.623372e-03
773           	2.462844e-02	5.599203e-04	4.881549e-03	6.477974e-03	5.538871e-05	1.621981e-03
774           	2.461508e-02	5.604403e-04	4.890413e-03	6.487205e-03	5.542374e-05	1.620647e-03
775           	2.461406e-02	5.611933e-04	4.898182e-03	6.497169e-03	5.544911e-05	1.619844e-03
776           	2.461769e-02	5.620535e-04	4.903612e-03	6.508152e-03	5.547140e-05	1.619348e-03
777           	2.462894e-02	5.629280e-04	4.907225e-03	6.521252e-03	5.548837e-05	1.618405e-03
778           	2.464868e-02	5.636855e-04	4.907750e-03	6.534102e-03	5.551114e-05	1.618266e-03
779           	2.466704e-02	5.643827e-04	4.906473e-03	6.545607e-03	5.555460e-05	1.618913e-03
780           	2.471426e-02	5.651644e-04	4.905132e-03	6.556729e-03	5.559455e-05	1.620045e-03
781           	2.471861e-02	5.659805e-04	4.907410e-03	6.568094e-03	5.560371e-05	1.620779e-03
782           	2.471532e-02	5.669322e-04	4.912643e-03	6.577243e-03	5.561704e-05	1.621677e-03
783           	2.468147e-02	5.680015e-04	4.919418e-03	6.584805e-03	5.560968e-05	1.622839e-03
784           	2.466273e-02	5.689217e-04	4.928146e-03	6.589616e-03	5.560902e-05	1.623935e-03
785           	2.458498e-02	5.696176e-04	4.938099e-03	6.592430e-03	5.561598e-05	1.625621e-03
786           	2.451432e-02	5.699727e-04	4.945105e-03	6.591378e-03	5.561905e-05	1.627631e-03
787           	2.444828e-02	5.701916e-04	4.948775e-03	6.590435e-03	5.560945e-05	1.629906e-03
788           	2.439729e-02	5.702084e-04	4.950336e-03	6.586800e-03	5.561189e-05	1.632457e-03
789           	2.434228e-02	5.703167e-04	4.947164e-03	6.580166e-03	5.562582e-05	1.634971e-03
790           	2.430284e-02	5.704294e-04	4.939636e-03	6.569176e-03	5.565800e-05	1.637666e-03
791           	2.428557e-02	5.705335e-04	4.930558e-03	6.556861e-03	5.571293e-05	1.639925e-03
792           	2.428618e-02	5.709094e-04	4.921674e-03	6.547443e-03	5.575191e-05	1.641842e-03
793           	2.429954e-02	5.716235e-04	4.913388e-03	6.540686e-03	5.578210e-05	1.644597e-03
794           	2.433278e-02	5.726467e-04	4.908921e-03	6.538760e-03	5.582843e-05	1.647442e-03
795           	2.434452e-02	5.736903e-04	4.907510e-03	6.542996e-03	5.588905e-05	1.650510e-03
796           	2.438953e-02	5.747561e-04	4.908363e-03	6.551405e-03	5.595867e-05	1.653869e-03
797           	2.440990e-02	5.757401e-04	4.909975e-03	6.563292e-03	5.601903e-05	1.657310e-03
798           	2.440846e-02	5.764314e-04	4.911439e-03	6.575939e-03	5.605788e-05	1.661098e-03
799           	2.441764e-02	5.769223e-04	4.910044e-03	6.585934e-03	5.608805e-05	1.664502e-03
800           	2.443591e-02	5.773193e-04	4.907009e-03	6.591508e-03	5.607342e-05	1.667899e-03
801           	2.444591e-02	5.778420e-04	4.902826e-03	6.593185e-03	5.602797e-05	1.671014e-03
802           	2.446560e-02	5.781751e-04	4.897652e-03	6.592825e-03	5.597861e-05	1.673439e-03
803           	2.446370e-02	5.783873e-04	4.891275e-03	6.591734e-03	5.593161e-05	1.676154e-03
804           	2.446039e-02	5.786467e-04	4.884464e-03	6.590057e-03	5.587004e-05	1.679075e-03
805           	2.443508e-02	5.787648e-04	4.878594e-03	6.588297e-03	5.585221e-05	1.682848e-03
806           	2.436839e-02	5.790747e-04	4.876180e-03	6.588390e-03	5.584084e-05	1.686923e-03
807           	2.428253e-02	5.795835e-04	4.876011e-03	6.589647e-03	5.584770e-05	1.690886e-03
808           	2.420192e-02	5.800802e-04	4.877076e-03	6.592776e-03	5.583777e-05	1.694618e-03
809           	2.411651e-02	5.804951e-04	4.878012e-03	6.596584e-03	5.584207e-05	1.698076e-03
810           	2.406810e-02	5.808414e-04	4.881168e-03	6.600575e-03	5.585186e-05	1.701723e-03
811           	2.403665e-02	5.808560e-04	4.884951e-03	6.604661e-03	5.583193e-05	1.704856e-03
812           	2.404223e-02	5.806597e-04	4.888862e-03	6.608593e-03	5.579796e-05	1.707881e-03
813           	2.402014e-02	5.803072e-04	4.893613e-03	6.614890e-03	5.578515e-05	1.710691e-03
814           	2.400652e-02	5.799454e-04	4.900122e-03	6.624315e-03	5.579075e-05	1.712927e-03
815           	2.399525e-02	5.795267e-04	4.906071e-03	6.637394e-03	5.578782e-05	1.715171e-03
816           	2.402676e-02	5.791453e-04	4.913133e-03	6.656314e-03	5.578257e-05	1.716973e-03
817           	2.405909e-02	5.787743e-04	4.922850e-03	6.680673e-03	5.582321e-05	1.718882e-03
818           	2.412304e-02	5.785009e-04	4.934271e-03	6.707433e-03	5.586739e-05	1.721038e-03
819           	2.417954e-02	5.784208e-04	4.946577e-03	6.735518e-03	5.593258e-05	1.723314e-03
820           	2.423701e-02	5.784874e-04	4.958468e-03	6.762856e-03	5.600268e-05	1.724905e-03
821           	2.426774e-02	5.786798e-04	4.969662e-03	6.787991e-03	5.605853e-05	1.725415e-03
822           	2.431422e-02	5.787397e-04	4.979715e-03	6.805665e-03	5.605759e-05	1.725605e-03
823           	2.432255e-02	5.785662e-04	4.988679e-03	6.819466e-03	5.601365e-05	1.724763e-03
824           	2.431745e-02	5.783284e-04	4.994788e-03	6.827959e-03	5.594156e-05	1.723408e-03
825           	2.428976e-02	5.779936e-04	4.998388e-03	6.835301e-03	5.583218e-05	1.721363e-03
826           	2.425083e-02	5.776856e-04	4.999266e-03	6.841297e-03	5.571117e-05	1.718324e-03
827           	2.423867e-02	5.774940e-04	4.997223e-03	6.849228e-03	5.557738e-05	1.715182e-03
828           	2.422972e-02	5.772943e-04	4.991661e-03	6.856611e-03	5.543150e-05	1.712340e-03
829           	2.419712e-02	5.772497e-04	4.983878e-03	6.862158e-03	5.527930e-05	1.708994e-03
830           	2.416771e-02	5.774155e-04	4.974276e-03	6.865109e-03	5.515712e-05	1.705327e-03
831           	2.409949e-02	5.775718e-04	4.965124e-03	6.863922e-03	5.506103e-05	1.701511e-03
832           	2.405002e-02	5.776523e-04	4.956539e-03	6.859293e-03	5.496587e-05	1.697803e-03
833           	2.401428e-02	5.778967e-04	4.949592e-03	6.852854e-03	5.487013e-05	1.694143e-03
834           	2.399825e-02	5.781151e-04	4.944366e-03	6.843760e-03	5.480861e-05	1.690717e-03
835           	2.397161e-02	5.783873e-04	4.941902e-03	6.836228e-03	5.475838e-05	1.688043e-03
836           	2.395997e-02	5.788385e-04	4.943440e-03	6.829460e-03	5.472406e-05	1.686553e-03
837           	2.393357e-02	5.794402e-04	4.949241e-03	6.828175e-03	5.471506e-05	1.685967e-03
838           	2.391002e-02	5.800969e-04	4.957963e-03	6.830610e-03	5.470375e-05	1.685646e-03
839           	2.387564e-02	5.807821e-04	4.968780e-03	6.839630e-03	5.472507e-05	1.685721e-03
840           	2.386751e-02	5.813743e-04	4.982595e-03	6.852926e-03	5.473032e-05	1.686448e-03
841           	2.388296e-02	5.818115e-04	4.997471e-03	6.869626e-03	5.472027e-05	1.688065e-03
842           	2.393064e-02	5.822184e-04	5.011172e-03	6.888357e-03	5.470805e-05	1.689884e-03
843           	2.398712e-02	5.824736e-04	5.021484e-03	6.907832e-03	5.467130e-05	1.691882e-03
844           	2.406266e-02	5.825296e-04	5.029428e-03	6.927390e-03	5.465842e-05	1.694137e-03
845           	2.412226e-02	5.823999e-04	5.033626e-03	6.942847e-03	5.463103e-05	1.696566e-03
846           	2.415863e-02	5.821464e-04	5.035261e-03	6.953207e-03	5.459438e-05	1.699234e-03
847           	2.417927e-02	5.818230e-04	5.034347e-03	6.960299e-03	5.455160e-05	1.700810e-03
848           	2.419144e-02	5.815791e-04	5.031069e-03	6.963628e-03	5.450508e-05	1.701143e-03
849           	2.420736e-02	5.812530e-04	5.024167e-03	6.962667e-03	5.442124e-05	1.700324e-03
850           	2.421973e-02	5.806007e-04	5.014371e-03	6.958932e-03	5.440667e-05	1.699410e-03
851           	2.423087e-02	5.796515e-04	5.003120e-03	6.950760e-03	5.437657e-05	1.697678e-03
852           	2.422788e-02	5.783679e-04	4.990522e-03	6.939205e-03	5.435394e-05	1.695844e-03
853           	2.421172e-02	5.769218e-04	4.977216e-03	6.926077e-03	5.432874e-05	1.693354e-03
854           	2.421317e-02	5.752390e-04	4.964696e-03	6.911582e-03	5.428804e-05	1.690248e-03
855           	2.418017e-02	5.734278e-04	4.953095e-03	6.896397e-03	5.423088e-05	1.687024e-03
856           	2.415119e-02	5.717046e-04	4.943289e-03	6.882451e-03	5.421714e-05	1.684217e-03
857           	2.411247e-02	5.700331e-04	4.935933e-03	6.871064e-03	5.421023e-05	1.682330e-03
858           	2.409972e-02	5.684252e-04	4.930971e-03	6.861528e-03	5.417539e-05	1.681045e-03
859           	2.406973e-02	5.667527e-04	4.929370e-03	6.854941e-03	5.415853e-05	1.680693e-03
860           	2.407782e-02	5.653796e-04	4.930211e-03	6.848986e-03	5.414419e-05	1.681037e-03
861           	2.410523e-02	5.640753e-04	4.932391e-03	6.844389e-03	5.414947e-05	1.682115e-03
862           	2.418653e-02	5.630346e-04	4.935174e-03	6.841438e-03	5.414417e-05	1.683439e-03
863           	2.425921e-02	5.622770e-04	4.936978e-03	6.840311e-03	5.416643e-05	1.684871e-03
864           	2.433067e-02	5.617167e-04	4.936818e-03	6.836850e-03	5.415959e-05	1.685922e-03
865           	2.438170e-02	5.611821e-04	4.935655e-03	6.832056e-03	5.417901e-05	1.686401e-03
866           	2.439161e-02	5.606875e-04	4.934105e-03	6.827662e-03	5.419698e-05	1.686290e-03
867           	2.436116e-02	5.601451e-04	4.932653e-03	6.821938e-03	5.416931e-05	1.685181e-03
868           	2.430741e-02	5.595637e-04	4.929785e-03	6.815537e-03	5.413342e-05	1.683510e-03
869           	2.424672e-02	5.588062e-04	4.926272e-03	6.809379e-03	5.409669e-05	1.680957e-03
870           	2.417612e-02	5.581330e-04	4.921204e-03	6.801631e-03	5.403463e-05	1.678105e-03
871           	2.410846e-02	5.572658e-04	4.915969e-03	6.792755e-03	5.399210e-05	1.675610e-03
872           	2.404692e-02	5.563537e-04	4.910108e-03	6.782777e-03	5.396223e-05	1.673189e-03
873           	2.397699e-02	5.553140e-04	4.904096e-03	6.772774e-03	5.395278e-05	1.669543e-03
874           	2.390737e-02	5.542522e-04	4.898843e-03	6.759972e-03	5.396881e-05	1.664798e-03
875           	2.388631e-02	5.533262e-04	4.893084e-03	6.746739e-03	5.401230e-05	1.660684e-03
876           	2.391207e-02	5.525751e-04	4.886421e-03	6.733413e-03	5.407139e-05	1.656077e-03
877           	2.395118e-02	5.519545e-04	4.878718e-03	6.719278e-03	5.413403e-05	1.651166e-03
878           	2.402048e-02	5.514677e-04	4.870372e-03	6.704158e-03	5.421094e-05	1.645757e-03
879           	2.411186e-02	5.509409e-04	4.857805e-03	6.687650e-03	5.429626e-05	1.641025e-03
880           	2.420332e-02	5.504703e-04	4.841795e-03	6.670726e-03	5.435481e-05	1.636645e-03
881           	2.431406e-02	5.500371e-04	4.821745e-03	6.655064e-03	5.442047e-05	1.633181e-03
882           	2.441958e-02	5.492714e-04	4.799339e-03	6.641067e-03	5.446830e-05	1.629573e-03
883           	2.448706e-02	5.485074e-04	4.779320e-03	6.630609e-03	5.453050e-05	1.626011e-03
884           	2.451549e-02	5.478485e-04	4.761637e-03	6.624123e-03	5.459886e-05	1.623461e-03
885           	2.448980e-02	5.470633e-04	4.748779e-03	6.621870e-03	5.464203e-05	1.620867e-03
886           	2.446555e-02	5.463515e-04	4.742566e-03	6.623689e-03	5.468190e-05	1.618537e-03
887           	2.440529e-02	5.456991e-04	4.741582e-03	6.631846e-03	5.473655e-05	1.616519e-03
888           	2.432419e-02	5.448618e-04	4.744576e-03	6.645026e-03	5.474833e-05	1.614935e-03
889           	2.421401e-02	5.440999e-04	4.750401e-03	6.664496e-03	5.471219e-05	1.612698e-03
890           	2.411060e-02	5.433668e-04	4.759502e-03	6.686463e-03	5.469417e-05	1.610218e-03
891           	2.401437e-02	5.427233e-04	4.771324e-03	6.711721e-03	5.469391e-05	1.608640e-03
892           	2.394892e-02	5.424742e-04	4.784367e-03	6.736907e-03	5.468982e-05	1.607396e-03
893           	2.388500e-02	5.426212e-04	4.797455e-03	6.761360e-03	5.470235e-05	1.606082e-03
894           	2.387259e-02	5.430829e-04	4.810638e-03	6.783538e-03	5.476599e-05	1.605859e-03
895           	2.386847e-02	5.438119e-04	4.823290e-03	6.805404e-03	5.480275e-05	1.605477e-03
896           	2.389826e-02	5.447615e-04	4.834972e-03	6.825955e-03	5.481686e-05	1.604653e-03
897           	2.396054e-02	5.457206e-04	4.845657e-03	6.843571e-03	5.483392e-05	1.603324e-03
898           	2.405161e-02	5.465398e-04	4.854626e-03	6.858213e-03	5.481897e-05	1.602040e-03
899           	2.412373e-02	5.473064e-04	4.861468e-03	6.869311e-03	5.477665e-05	1.600904e-03
900           	2.419058e-02	5.478276e-04	4.864922e-03	6.876304e-03	5.475179e-05	1.599556e-03
901           	2.422639e-02	5.480237e-04	4.866299e-03	6.879397e-03	5.467980e-05	1.597982e-03
902           	2.426523e-02	5.480237e-04	4.864995e-03	6.875541e-03	5.461358e-05	1.596380e-03
903           	2.427100e-02	5.476831e-04	4.861859e-03	6.866032e-03	5.454756e-05	1.594717e-03
904           	2.427535e-02	5.471090e-04	4.856130e-03	6.851916e-03	5.446239e-05	1.593182e-03
905           	2.424685e-02	5.465112e-04	4.848156e-03	6.835240e-03	5.437838e-05	1.591160e-03
906           	2.422790e-02	5.458491e-04	4.837419e-03	6.816000e-03	5.428433e-05	1.589896e-03
907           	2.417909e-02	5.450771e-04	4.823998e-03	6.793553e-03	5.417853e-05	1.588526e-03
908           	2.415871e-02	5.442784e-04	4.809551e-03	6.769494e-03	5.409864e-05	1.587718e-03
909           	2.409957e-02	5.432882e-04	4.793446e-03	6.747227e-03	5.399685e-05	1.587055e-03
910           	2.403540e-02	5.423067e-04	4.777187e-03	6.725873e-03	5.388944e-05	1.586074e-03
911           	2.394794e-02	5.414275e-04	4.760136e-03	6.703460e-03	5.376352e-05	1.584593e-03
912           	2.386937e-02	5.405736e-04	4.743749e-03	6.681637e-03	5.369178e-05	1.583360e-03
913           	2.382796e-02	5.398661e-04	4.729719e-03	6.661713e-03	5.362140e-05	1.582388e-03
914           	2.381295e-02	5.393432e-04	4.718286e-03	6.645513e-03	5.354679e-05	1.581601e-03
915           	2.380552e-02	5.389483e-04	4.709983e-03	6.635921e-03	5.348958e-05	1.580926e-03
916           	2.381670e-02	5.387609e-04	4.706236e-03	6.633270e-03	5.344966e-05	1.580312e-03
917           	2.383330e-02	5.387220e-04	4.708089e-03	6.634997e-03	5.344334e-05	1.579591e-03
918           	2.386106e-02	5.388917e-04	4.715117e-03	6.639754e-03	5.339911e-05	1.578879e-03
919           	2.387802e-02	5.394325e-04	4.724605e-03	6.647875e-03	5.336216e-05	1.578142e-03
920           	2.391170e-02	5.400728e-04	4.735579e-03	6.655575e-03	5.331798e-05	1.577818e-03
921           	2.394916e-02	5.409985e-04	4.747463e-03	6.663988e-03	5.328778e-05	1.577895e-03
922           	2.399254e-02	5.420443e-04	4.759099e-03	6.671326e-03	5.326547e-05	1.577795e-03
923           	2.400405e-02	5.430497e-04	4.770412e-03	6.678358e-03	5.323912e-05	1.577783e-03
924           	2.400674e-02	5.438460e-04	4.778637e-03	6.684716e-03	5.323878e-05	1.577624e-03
925           	2.400578e-02	5.442321e-04	4.785993e-03	6.690338e-03	5.326580e-05	1.577083e-03
926           	2.403128e-02	5.444033e-04	4.791028e-03	6.693555e-03	5.329026e-05	1.575960e-03
927           	2.404618e-02	5.441099e-04	4.794042e-03	6.694255e-03	5.331673e-05	1.573977e-03
928           	2.402835e-02	5.435831e-04	4.795775e-03	6.690871e-03	5.336820e-05	1.571350e-03
929           	2.399404e-02	5.428474e-04	4.796891e-03	6.685029e-03	5.340307e-05	1.568323e-03
930           	2.392685e-02	5.421002e-04	4.798081e-03	6.676550e-03	5.343359e-05	1.565368e-03
931           	2.384451e-02	5.414174e-04	4.797612e-03	6.666673e-03	5.345330e-05	1.563377e-03
932           	2.374026e-02	5.407863e-04	4.796216e-03	6.653417e-03	5.347031e-05	1.561887e-03
933           	2.364866e-02	5.402442e-04	4.794467e-03	6.638121e-03	5.348299e-05	1.560944e-03
934           	2.357552e-02	5.398609e-04	4.792512e-03	6.621411e-03	5.347754e-05	1.561116e-03
935           	2.350556e-02	5.399807e-04	4.790248e-03	6.605953e-03	5.351169e-05	1.563202e-03
936           	2.346763e-02	5.404683e-04	4.786492e-03	6.591201e-03	5.351354e-05	1.566651e-03
937           	2.346648e-02	5.412678e-04	4.782953e-03	6.577627e-03	5.350431e-05	1.571037e-03
938           	2.348321e-02	5.423031e-04	4.780016e-03	6.565744e-03	5.351166e-05	1.575799e-03
939           	2.350783e-02	5.436870e-04	4.778197e-03	6.555805e-03	5.351259e-05	1.580747e-03
940           	2.355269e-02	5.452864e-04	4.777816e-03	6.547739e-03	5.352384e-05	1.585804e-03
941           	2.361524e-02	5.469164e-04	4.777888e-03	6.543940e-03	5.351465e-05	1.590216e-03
942           	2.368296e-02	5.484710e-04	4.778067e-03	6.540967e-03	5.351509e-05	1.594188e-03
943           	2.374899e-02	5.498405e-04	4.780602e-03	6.538960e-03	5.351953e-05	1.597926e-03
944           	2.379778e-02	5.510139e-04	4.785462e-03	6.535691e-03	5.355484e-05	1.601042e-03
945           	2.384861e-02	5.519872e-04	4.790637e-03	6.532191e-03	5.357260e-05	1.604274e-03
946           	2.387035e-02	5.529351e-04	4.795836e-03	6.524809e-03	5.358958e-05	1.608108e-03
947           	2.387868e-02	5.537825e-04	4.799759e-03	6.516039e-03	5.360736e-05	1.613188e-03
948           	2.387594e-02	5.544886e-04	4.802250e-03	6.507664e-03	5.362120e-05	1.616722e-03
949           	2.386409e-02	5.549055e-04	4.803746e-03	6.498787e-03	5.361475e-05	1.619440e-03
950           	2.386213e-02	5.550832e-04	4.803269e-03	6.489249e-03	5.361394e-05	1.621448e-03
951           	2.386028e-02	5.550856e-04	4.800817e-03	6.480021e-03	5.358031e-05	1.622206e-03
952           	2.385990e-02	5.549835e-04	4.798610e-03	6.472060e-03	5.355164e-05	1.623070e-03
953           	2.387446e-02	5.550499e-04	4.795241e-03	6.463587e-03	5.355100e-05	1.624857e-03
954           	2.390745e-02	5.549903e-04	4.792649e-03	6.455792e-03	5.359099e-05	1.627656e-03
955           	2.392749e-02	5.551165e-04	4.791061e-03	6.449205e-03	5.368266e-05	1.631751e-03
956           	2.397785e-02	5.552403e-04	4.791820e-03	6.445884e-03	5.379384e-05	1.636007e-03
957           	2.402438e-02	5.555959e-04	4.794984e-03	6.445021e-03	5.388732e-05	1.640319e-03
958           	2.407657e-02	5.561040e-04	4.801086e-03	6.448711e-03	5.400740e-05	1.645126e-03
959           	2.413311e-02	5.565226e-04	4.811317e-03	6.459886e-03	5.412108e-05	1.649740e-03
960           	2.418581e-02	5.570421e-04	4.824691e-03	6.475879e-03	5.424515e-05	1.655211e-03
961           	2.422788e-02	5.576552e-04	4.839059e-03	6.495298e-03	5.437622e-05	1.661157e-03
962           	2.427255e-02	5.581386e-04	4.854337e-03	6.520325e-03	5.449087e-05	1.667368e-03
963           	2.434837e-02	5.585086e-04	4.869722e-03	6.548428e-03	5.460597e-05	1.673584e-03
964           	2.441671e-02	5.588508e-04	4.884300e-03	6.580261e-03	5.474404e-05	1.680297e-03
965           	2.448905e-02	5.590119e-04	4.897069e-03	6.612551e-03	5.488141e-05	1.687484e-03
966           	2.458104e-02	5.591137e-04	4.907549e-03	6.643611e-03	5.502734e-05	1.694572e-03
967           	2.466315e-02	5.593159e-04	4.918077e-03	6.675109e-03	5.516479e-05	1.700917e-03
968           	2.476441e-02	5.595549e-04	4.927512e-03	6.702721e-03	5.535657e-05	1.708398e-03
969           	2.486259e-02	5.599924e-04	4.937005e-03	6.728924e-03	5.554192e-05	1.715459e-03
970           	2.493075e-02	5.604576e-04	4.946925e-03	6.752461e-03	5.571362e-05	1.722405e-03
971           	2.501477e-02	5.610162e-04	4.956778e-03	6.775084e-03	5.587221e-05	1.728377e-03
972           	2.510838e-02	5.615833e-04	4.967129e-03	6.795675e-03	5.601859e-05	1.733938e-03
973           	2.518794e-02	5.623492e-04	4.976856e-03	6.814897e-03	5.616767e-05	1.739844e-03
974           	2.526219e-02	5.631798e-04	4.987319e-03	6.833401e-03	5.629563e-05	1.745675e-03
975           	2.533138e-02	5.642617e-04	4.997217e-03	6.852243e-03	5.640793e-05	1.751264e-03
976           	2.537999e-02	5.653961e-04	5.007036e-03	6.871006e-03	5.651617e-05	1.755649e-03
977           	2.540945e-02	5.666249e-04	5.016418e-03	6.887572e-03	5.662407e-05	1.759297e-03
978           	2.540960e-02	5.679659e-04	5.024592e-03	6.903250e-03	5.671385e-05	1.763028e-03
979           	2.535035e-02	5.692056e-04	5.032507e-03	6.918193e-03	5.677925e-05	1.766614e-03
980           	2.527364e-02	5.703068e-04	5.038599e-03	6.929298e-03	5.685255e-05	1.769650e-03
981           	2.519952e-02	5.713912e-04	5.045029e-03	6.937371e-03	5.692594e-05	1.772349e-03
982           	2.512205e-02	5.723048e-04	5.049771e-03	6.942514e-03	5.699977e-05	1.774600e-03
983           	2.504033e-02	5.731672e-04	5.053834e-03	6.946183e-03	5.707665e-05	1.776476e-03
984           	2.495090e-02	5.737889e-04	5.056616e-03	6.950210e-03	5.715446e-05	1.777791e-03
985           	2.487795e-02	5.741043e-04	5.056291e-03	6.954584e-03	5.723501e-05	1.778696e-03
986           	2.482503e-02	5.741691e-04	5.054700e-03	6.958565e-03	5.727722e-05	1.779230e-03
987           	2.476754e-02	5.742809e-04	5.051127e-03	6.964757e-03	5.733182e-05	1.779620e-03
988           	2.472932e-02	5.741570e-04	5.046889e-03	6.969651e-03	5.738258e-05	1.780228e-03
989           	2.468094e-02	5.739585e-04	5.042921e-03	6.974994e-03	5.742375e-05	1.780458e-03
990           	2.465662e-02	5.736574e-04	5.039988e-03	6.980544e-03	5.743626e-05	1.780863e-03
991           	2.457364e-02	5.733093e-04	5.038470e-03	6.985402e-03	5.745007e-05	1.781518e-03
992           	2.448644e-02	5.730985e-04	5.040557e-03	6.993691e-03	5.747825e-05	1.781945e-03
993           	2.442088e-02	5.730943e-04	5.045650e-03	7.005916e-03	5.751124e-05	1.782544e-03
994           	2.438184e-02	5.734452e-04	5.051603e-03	7.020027e-03	5.755314e-05	1.784171e-03
995           	2.434230e-02	5.741082e-04	5.060139e-03	7.036902e-03	5.762535e-05	1.787004e-03
996           	2.433287e-02	5.752207e-04	5.071644e-03	7.056019e-03	5.770756e-05	1.790692e-03
997           	2.432652e-02	5.767871e-04	5.085302e-03	7.077533e-03	5.776025e-05	1.794951e-03
998           	2.434333e-02	5.787115e-04	5.101249e-03	7.098929e-03	5.782485e-05	1.800382e-03
999           	2.436575e-02	5.809681e-04	5.118516e-03	7.122127e-03	5.785302e-05	1.806631e-03
1000          	2.441821e-02	5.835422e-04	5.137188e-03	7.145442e-03	5.791431e-05	1.813325e-03
